0,267,112,0.1964195817708969
1,267,108,0.17680944502353668
2,267,108,0.17682911455631256
3,267,108,0.17681580781936646
4,269,108,0.18815453350543976
5,270,108,0.188128262758255
6,270,108,0.1880711168050766
7,267,110,0.09900093823671341
8,273,110,0.14788934588432312
9,267,115,0.17025253176689148
10,269,115,0.18412406742572784
11,264,128,0.0022399909794330597
12,284,126,0.1740923523902893
13,259,156,0.04405336081981659
14,278,149,0.2358711063861847
15,249,158,0.19026713073253632
16,259,156,0.2914927303791046
17,245,158,0.19939637184143066
18,254,158,0.304237425327301
19,246,155,0.19711847603321075
20,252,157,0.29842516779899597
21,247,155,0.19333355128765106
22,253,156,0.28871822357177734
23,285,178,-0.07186239212751389
24,294,177,0.07186134904623032
25,270,215,-0.10548783093690872
26,288,214,0.05837803706526756
27,277,262,-0.1411658674478531
28,317,247,0.039014000445604324
29,281,270,-0.14549189805984497
30,320,256,0.035067420452833176
31,260,269,-0.18317009508609772
32,309,266,0.010824410244822502
0,263,112,0.17905275523662567
1,263,109,0.1593860238790512
2,262,109,0.15941140055656433
3,261,109,0.15943102538585663
4,265,109,0.1708204746246338
5,265,108,0.17076551914215088
6,266,108,0.17068663239479065
7,262,111,0.08304158598184586
8,269,110,0.13194435834884644
9,263,115,0.15368738770484924
10,265,115,0.1676405817270279
11,262,128,-0.016165371984243393
12,279,127,0.16261431574821472
13,260,157,0.007495056372135878
14,272,153,0.22826610505580902
15,248,162,0.10577573627233505
16,255,160,0.2771979868412018
17,243,164,0.10582444071769714
18,253,161,0.28953325748443604
19,243,160,0.10489913076162338
20,251,159,0.27952826023101807
21,244,159,0.1084449291229248
22,251,159,0.2732870876789093
23,284,177,-0.07584188133478165
24,294,175,0.07585021108388901
25,268,215,-0.1266263723373413
26,283,211,0.11006788164377213
27,277,262,-0.16682668030261993
28,305,239,0.14888150990009308
29,281,270,-0.17087820172309875
30,311,245,0.15230877697467804
31,259,269,-0.2050214558839798
32,298,250,0.14513151347637177
0,259,114,0.18280433118343353
1,259,110,0.1624561846256256
2,258,110,0.1624964326620102
3,258,110,0.162490576505661
4,261,110,0.17738385498523712
5,261,110,0.17732146382331848
6,262,110,0.17721837759017944
7,259,112,0.08574860543012619
8,265,111,0.1575382500886917
9,259,117,0.15674787759780884
10,261,117,0.17589929699897766
11,260,128,-0.01163457427173853
12,276,128,0.19229601323604584
13,261,157,0.002324111061170697
14,272,155,0.264457106590271
15,248,166,0.10317754000425339
16,256,162,0.31913164258003235
17,244,169,0.10470867902040482
18,253,163,0.3352509140968323
19,243,164,0.10525219142436981
20,251,162,0.32451534271240234
21,245,163,0.10724630206823349
22,251,161,0.31505000591278076
23,283,177,-0.07928764075040817
24,293,175,0.07927954941987991
25,266,214,-0.1255524903535843
26,278,209,0.10677865147590637
27,276,262,-0.17958350479602814
28,298,239,0.1170099601149559
29,281,270,-0.18567591905593872
30,303,245,0.11672098934650421
31,258,269,-0.2152787297964096
32,289,253,0.108135886490345
0,255,118,0.17471420764923096
1,256,114,0.15667606890201569
2,256,114,0.15668189525604248
3,255,114,0.1566840559244156
4,257,114,0.17323333024978638
5,258,114,0.1731937974691391
6,258,113,0.17309969663619995
7,257,115,0.08733724057674408
8,262,114,0.15997286140918732
9,256,121,0.1518111228942871
10,258,121,0.17278710007667542
11,259,131,-0.009326550178229809
12,275,131,0.1930159479379654
13,264,160,-0.02924250066280365
14,273,157,0.2572605311870575
15,250,170,0.02256638929247856
16,258,167,0.2734217047691345
17,246,174,0.0183422788977623
18,257,168,0.2855598032474518
19,245,170,0.024995962157845497
20,254,167,0.2752738296985626
21,247,169,0.02784295193850994
22,254,167,0.26898393034935
23,282,179,-0.0797581747174263
24,292,176,0.07973115891218185
25,262,214,-0.12126502394676208
26,274,208,0.13586357235908508
27,276,262,-0.1837669163942337
28,290,239,0.15301689505577087
29,281,270,-0.1907038390636444
30,296,245,0.15340597927570343
31,258,270,-0.21573404967784882
32,280,251,0.1528051495552063
0,252,120,0.1338239461183548
1,253,116,0.11506149172782898
2,253,116,0.1150580570101738
3,253,116,0.11505836248397827
4,254,116,0.13636291027069092
5,255,116,0.1363522857427597
6,255,115,0.13625264167785645
7,256,117,0.04746818542480469
8,259,116,0.1439463496208191
9,253,124,0.11119159311056137
10,254,123,0.13861620426177979
11,258,133,-0.04591766744852066
12,270,133,0.1834770143032074
13,264,160,-0.12432974576950073
14,274,160,0.22602397203445435
15,254,173,-0.1623505800962448
16,264,174,0.23347207903862
17,251,177,-0.1808788925409317
18,263,177,0.2456766813993454
19,251,176,-0.17230698466300964
20,260,177,0.2295616865158081
21,251,174,-0.1588805764913559
22,260,176,0.2268545776605606
23,279,182,-0.0791664570569992
24,289,179,0.07913117855787277
25,258,214,-0.0991366058588028
26,271,208,0.14127615094184875
27,275,261,-0.14966638386249542
28,283,240,0.16104765236377716
29,281,269,-0.15496091544628143
30,287,246,0.16218015551567078
31,258,269,-0.178346648812294
32,274,249,0.15836107730865479
0,251,123,0.10361377149820328
1,252,119,0.0859251394867897
2,252,119,0.0859190970659256
3,252,119,0.08591583371162415
4,252,119,0.10880140960216522
5,253,119,0.1087968498468399
6,254,118,0.10870639234781265
7,255,121,0.023137811571359634
8,257,119,0.1252964735031128
9,252,126,0.08224169164896011
10,252,126,0.11160846054553986
11,258,137,-0.07112447917461395
12,269,136,0.17660413682460785
13,263,163,-0.14589467644691467
14,274,163,0.22906020283699036
15,254,177,-0.1799083948135376
16,264,179,0.24883167445659637
17,250,182,-0.20136012136936188
18,263,181,0.26394322514533997
19,250,180,-0.19072507321834564
20,260,182,0.24678702652454376
21,250,178,-0.17548979818820953
22,260,181,0.24207991361618042
23,278,185,-0.07899865508079529
24,288,183,0.07895874232053757
25,255,215,-0.09938373416662216
26,272,212,0.15101702511310577
27,274,259,-0.13090470433235168
28,281,242,0.17837803065776825
29,281,267,-0.133469820022583
30,285,247,0.18025709688663483
31,258,268,-0.15480934083461761
32,271,250,0.17363768815994263
0,250,127,0.04783698171377182
1,251,124,0.031450942158699036
2,252,124,0.03142440319061279
3,252,124,0.03138134256005287
4,252,123,0.05520764738321304
5,252,123,0.055202797055244446
6,253,123,0.0551670640707016
7,255,125,-0.014236273244023323
8,257,125,0.09121428430080414
9,251,131,0.03278624266386032
10,252,130,0.0633087009191513
11,258,143,-0.08553680032491684
12,268,142,0.1659420132637024
13,259,171,-0.07731753587722778
14,268,169,0.21346837282180786
15,243,177,-0.026145089417696
16,251,177,0.20300783216953278
17,238,179,-0.03403014689683914
18,246,178,0.21351741254329681
19,237,175,-0.004289195407181978
20,244,177,0.1984301656484604
21,239,175,-0.003925367724150419
22,246,176,0.19613075256347656
23,277,190,-0.08209270983934402
24,286,188,0.08215951174497604
25,249,218,-0.11905638873577118
26,266,215,0.16380640864372253
27,273,259,-0.13592733442783356
28,279,245,0.2249663919210434
29,280,267,-0.1366434395313263
30,285,251,0.23073862493038177
31,258,269,-0.15191541612148285
32,270,252,0.23428526520729065
0,250,128,0.041935887187719345
1,252,125,0.024271341040730476
2,252,125,0.024263888597488403
3,252,125,0.02424106001853943
4,252,124,0.046886082738637924
5,253,124,0.046875882893800735
6,253,124,0.04685182869434357
7,255,127,-0.022775564342737198
8,257,126,0.0767548680305481
9,252,132,0.026724249124526978
10,252,132,0.055500149726867676
11,258,147,-0.08627711236476898
12,269,144,0.15109845995903015
13,250,175,-0.0658535584807396
14,264,172,0.2080121636390686
15,231,170,0.032089363783597946
16,244,175,0.21749618649482727
17,225,168,0.029269007965922356
18,240,170,0.22737792134284973
19,227,165,0.03931296244263649
20,237,167,0.21744416654109955
21,230,165,0.04241063818335533
22,238,170,0.21333791315555573
23,275,193,-0.08163071423768997
24,284,192,0.08170850574970245
25,246,221,-0.1236371397972107
26,261,218,0.1658625453710556
27,272,259,-0.15129730105400085
28,279,248,0.22689023613929749
29,279,266,-0.15100982785224915
30,284,253,0.23263444006443024
31,258,270,-0.16399604082107544
32,271,259,0.23655234277248383
0,250,127,0.018359582871198654
1,252,124,0.002738972194492817
2,252,124,0.0027369146700948477
3,252,124,0.002715755719691515
4,252,124,0.02590728923678398
5,252,123,0.025887832045555115
6,253,123,0.025872262194752693
7,256,126,-0.03405237942934036
8,257,126,0.06750661134719849
9,251,131,0.006399580743163824
10,251,131,0.0358625166118145
11,258,147,-0.09054015576839447
12,269,145,0.14404061436653137
13,249,176,-0.060160499066114426
14,260,172,0.1820158213376999
15,231,169,0.06267323344945908
16,241,172,0.16335949301719666
17,225,166,0.061360906809568405
18,237,169,0.16823410987854004
19,227,163,0.06669047474861145
20,235,166,0.1581256091594696
21,230,164,0.06994496285915375
22,237,170,0.15838609635829926
23,275,193,-0.0811929777264595
24,282,192,0.08126865327358246
25,246,220,-0.15010307729244232
26,259,220,0.18590852618217468
27,271,260,-0.2053886204957962
28,279,249,0.2556855380535126
29,275,266,-0.2093575894832611
30,285,254,0.26187700033187866
31,257,271,-0.22923170030117035
32,271,258,0.2657260000705719
0,250,127,0.03666470944881439
1,252,124,0.021842757239937782
2,252,124,0.021837709471583366
3,252,125,0.021820396184921265
4,252,124,0.044217608869075775
5,253,124,0.044203631579875946
6,253,124,0.044183455407619476
7,256,127,-0.016345204785466194
8,258,126,0.08146019279956818
9,252,131,0.024270329624414444
10,252,131,0.05264624208211899
11,258,148,-0.07993511855602264
12,269,145,0.15333311259746552
13,248,176,-0.061874549835920334
14,262,173,0.1876509189605713
15,230,168,0.049009546637535095
16,243,171,0.20195762813091278
17,224,165,0.04625501111149788
18,239,168,0.21150259673595428
19,226,162,0.05156223848462105
20,237,166,0.1888015866279602
21,229,163,0.05516946688294411
22,238,169,0.19137847423553467
23,274,193,-0.08167435973882675
24,282,192,0.08173005282878876
25,246,220,-0.13492253422737122
26,261,221,0.17656660079956055
27,265,260,-0.18662849068641663
28,279,249,0.22264809906482697
29,273,267,-0.1904340386390686
30,285,255,0.2264825701713562
31,257,271,-0.20728090405464172
32,271,258,0.22742260992527008
0,251,128,0.02640945091843605
1,252,125,0.009515039622783661
2,252,125,0.009526600129902363
3,253,125,0.009514757432043552
4,253,124,0.031527720391750336
5,253,124,0.0315156914293766
6,254,124,0.03151673451066017
7,256,127,-0.030004510655999184
8,258,126,0.06662396341562271
9,252,132,0.014282474294304848
10,252,132,0.04224386811256409
11,258,148,-0.08585427701473236
12,270,145,0.14424434304237366
13,241,173,-0.05918493494391441
14,259,171,0.19223982095718384
15,230,156,0.07770863175392151
16,242,164,0.1969004124403
17,225,151,0.07824843376874924
18,239,159,0.204549640417099
19,228,150,0.08127158135175705
20,237,157,0.19799387454986572
21,230,151,0.08396412432193756
22,238,160,0.1940314769744873
23,272,194,-0.08159233629703522
24,281,193,0.08163344115018845
25,245,221,-0.1341279000043869
26,259,220,0.18887174129486084
27,263,259,-0.17865490913391113
28,278,249,0.24951688945293427
29,274,266,-0.1842016726732254
30,286,255,0.25499629974365234
31,257,271,-0.1883523315191269
32,270,259,0.26087668538093567
0,251,127,-0.02683085948228836
1,253,124,-0.0444047786295414
2,253,124,-0.0443749837577343
3,253,124,-0.0443880669772625
4,253,124,-0.021335292607545853
5,254,124,-0.021326817572116852
6,254,124,-0.021299241110682487
7,256,126,-0.08114680647850037
8,259,126,0.02001083455979824
9,252,131,-0.03797529637813568
10,253,131,-0.008635475300252438
11,257,147,-0.13780692219734192
12,270,145,0.10248085856437683
13,235,163,-0.11104412376880646
14,251,164,0.1686907410621643
15,231,142,0.025310173630714417
16,237,145,0.1860407441854477
17,227,136,0.019697176292538643
18,234,138,0.1910344958305359
19,231,135,0.013738283887505531
20,237,137,0.18689903616905212
21,233,137,0.026799838989973068
22,239,139,0.18377843499183655
23,272,194,-0.08133789896965027
24,279,193,0.08137807995080948
25,244,222,-0.09440983086824417
26,254,220,0.17155413329601288
27,265,259,-0.09428715705871582
28,277,249,0.2514169216156006
29,274,262,-0.09176945686340332
30,284,255,0.2595365047454834
31,257,271,-0.09645058959722519
32,268,260,0.26364970207214355
0,252,127,-0.005301967263221741
1,253,124,-0.022170867770910263
2,253,124,-0.02214912697672844
3,253,124,-0.022182747721672058
4,253,123,0.0010729513596743345
5,254,123,0.0010934504680335522
6,254,123,0.0011271854164078832
7,256,125,-0.059495389461517334
8,259,125,0.042596954852342606
9,252,131,-0.017102859914302826
10,253,130,0.01252075470983982
11,257,147,-0.12710966169834137
12,269,144,0.12309620529413223
13,232,151,-0.10190726816654205
14,248,154,0.18958203494548798
15,233,130,0.0393894724547863
16,240,132,0.21838268637657166
17,228,123,0.03715022653341293
18,237,127,0.22524799406528473
19,234,123,0.021267781034111977
20,239,126,0.23143377900123596
21,235,126,0.03773147985339165
22,240,128,0.21992765367031097
23,271,193,-0.08192611485719681
24,277,192,0.08199648559093475
25,244,222,-0.08830055594444275
26,253,219,0.1631554514169693
27,268,259,-0.10291150957345963
28,276,248,0.2214045524597168
29,276,262,-0.10246264934539795
30,283,254,0.22663454711437225
31,257,271,-0.11540140211582184
32,267,260,0.22744692862033844
0,251,111,-0.012154556810855865
1,252,109,-0.029813004657626152
2,252,109,-0.029801445081830025
3,253,109,-0.02981758303940296
4,253,109,-0.0050436281599104404
5,253,109,-0.00502993818372488
6,254,109,-0.005028606858104467
7,256,112,-0.0710592195391655
8,258,112,0.039435166865587234
9,252,116,-0.025336338207125664
10,252,116,0.00657205143943429
11,257,132,-0.13125906884670258
12,265,133,0.11838776618242264
13,232,129,-0.11500436067581177
14,244,132,0.1930985152721405
15,234,110,0.0005256665754131973
16,241,111,0.2559448778629303
17,237,108,-0.006867524236440659
18,239,108,0.263013631105423
19,240,107,-0.018122971057891846
20,241,108,0.2644939124584198
21,240,108,-0.0007957367924973369
22,241,109,0.2558562755584717
23,267,184,-0.08210444450378418
24,274,184,0.08218277245759964
25,246,222,-0.09245725721120834
26,257,218,0.15017227828502655
27,268,258,-0.09813401848077774
28,277,248,0.2133714109659195
29,278,263,-0.09772935509681702
30,283,254,0.21831315755844116
31,257,271,-0.1273518204689026
32,268,259,0.21331077814102173
0,251,111,-0.03557238727807999
1,252,107,-0.05068902671337128
2,252,107,-0.050679583102464676
3,253,107,-0.05069481581449509
4,253,107,-0.027536388486623764
5,253,107,-0.02752820961177349
6,254,108,-0.027528315782546997
7,256,111,-0.08395496010780334
8,258,110,0.01902100071310997
9,252,115,-0.04576706513762474
10,252,115,-0.016027435660362244
11,257,130,-0.14270488917827606
12,263,131,0.09844101220369339
13,232,128,-0.15760155022144318
14,241,132,0.1925329566001892
15,235,109,-0.08446572721004486
16,240,111,0.25331351161003113
17,239,105,-0.0976957380771637
18,237,109,0.262696772813797
19,242,105,-0.10694004595279694
20,239,108,0.26151445508003235
21,242,107,-0.08620909601449966
22,239,109,0.25281670689582825
23,266,184,-0.08199805021286011
24,271,183,0.08207682520151138
25,247,222,-0.09045902639627457
26,259,218,0.150390163064003
27,270,258,-0.08446037024259567
28,278,248,0.22295896708965302
29,278,263,-0.08316146582365036
30,284,254,0.229134202003479
31,257,270,-0.11173950135707855
32,269,259,0.2168642282485962
0,250,96,-0.019164545461535454
1,252,94,-0.035609159618616104
2,252,94,-0.0356055311858654
3,252,94,-0.03561419993638992
4,252,94,-0.011745316907763481
5,253,94,-0.01173374056816101
6,253,94,-0.011742455884814262
7,256,96,-0.07576123625040054
8,257,96,0.03085331991314888
9,251,99,-0.032059118151664734
10,251,100,-0.0013049622066318989
11,258,115,-0.13837851583957672
12,260,117,0.1055000051856041
13,233,111,-0.1437295526266098
14,240,113,0.19285094738006592
15,236,96,-0.05735882371664047
16,240,97,0.24427790939807892
17,240,92,-0.068488210439682
18,237,91,0.25801876187324524
19,243,93,-0.07720227539539337
20,239,90,0.25260868668556213
21,243,95,-0.05833902209997177
22,239,91,0.24271509051322937
23,263,170,-0.0825418159365654
24,265,170,0.08263138681650162
25,251,211,-0.09649986773729324
26,259,208,0.15132059156894684
27,270,253,-0.09277970343828201
28,276,243,0.22032566368579865
29,276,260,-0.10325545072555542
30,281,250,0.22561916708946228
31,257,269,-0.17649200558662415
32,268,256,0.21656100451946259
0,251,93,-0.013919097371399403
1,252,89,-0.029511407017707825
2,252,89,-0.02950078248977661
3,253,89,-0.029481958597898483
4,252,89,-0.006611942779272795
5,253,89,-0.006620694417506456
6,254,89,-0.006646845955401659
7,256,91,-0.06851290166378021
8,257,90,0.032786574214696884
9,251,96,-0.025804750621318817
10,251,96,0.0034327320754528046
11,258,108,-0.1304296851158142
12,260,111,0.10484063625335693
13,235,102,-0.15825888514518738
14,245,111,0.19917111098766327
15,236,81,-0.10568676888942719
16,241,100,0.25547003746032715
17,239,78,-0.11834628134965897
18,238,97,0.2668520212173462
19,242,77,-0.12355507910251617
20,240,96,0.2559773027896881
21,242,79,-0.1059357225894928
22,240,96,0.2511739432811737
23,261,162,-0.08139144629240036
24,262,163,0.08144168555736542
25,254,203,-0.09116394072771072
26,260,201,0.13580714166164398
27,265,247,-0.10735676437616348
28,273,235,0.20095954835414886
29,271,252,-0.1117098405957222
30,278,241,0.20610564947128296
31,257,261,-0.1706537902355194
32,265,248,0.18951356410980225
0,253,88,-0.0012348269810900092
1,254,85,-0.017417723312973976
2,254,85,-0.0174032524228096
3,254,85,-0.017391208559274673
4,255,85,0.005025056190788746
5,255,85,0.00500829890370369
6,256,85,0.004984766244888306
7,256,87,-0.06204809620976448
8,258,86,0.037360820919275284
9,252,91,-0.015311209484934807
10,253,91,0.013331742025911808
11,256,102,-0.1269054412841797
12,262,105,0.10363145172595978
13,235,94,-0.13783960044384003
14,246,95,0.20273184776306152
15,235,75,-0.06323555111885071
16,239,78,0.26726555824279785
17,237,72,-0.07206065952777863
18,238,74,0.27843013405799866
19,240,72,-0.07731593400239944
20,238,74,0.2682822346687317
21,240,73,-0.06292077153921127
22,240,75,0.2628220319747925
23,258,158,-0.08063115924596786
24,263,158,0.08064818382263184
25,254,198,-0.08668603748083115
26,259,195,0.12575584650039673
27,263,241,-0.10665877908468246
28,271,232,0.17388103902339935
29,268,246,-0.10979917645454407
30,275,238,0.17743948101997375
31,257,253,-0.1623009890317917
32,263,244,0.16050997376441956
0,252,81,0.00580085813999176
1,254,77,-0.010627470910549164
2,254,77,-0.010614975355565548
3,253,78,-0.010624486021697521
4,255,77,0.011211627162992954
5,255,77,0.011197005398571491
6,256,77,0.011172505095601082
7,255,80,-0.05991765111684799
8,258,80,0.04840198531746864
9,252,84,-0.008144447579979897
10,253,84,0.02053150348365307
11,253,94,-0.12052035331726074
12,262,96,0.11235812306404114
13,233,80,-0.16216431558132172
14,241,83,0.18524307012557983
15,228,59,-0.14107583463191986
16,231,62,0.17680823802947998
17,228,55,-0.16234737634658813
18,230,56,0.17739704251289368
19,231,54,-0.158930242061615
20,231,56,0.16358785331249237
21,231,55,-0.1397344022989273
22,232,57,0.16852983832359314
23,257,151,-0.08069951832294464
24,262,151,0.08068538457155228
25,254,190,-0.08134602755308151
26,256,188,0.1089174747467041
27,259,236,-0.08987697958946228
28,267,226,0.13669733703136444
29,264,240,-0.09142424911260605
30,272,234,0.13768573105335236
31,252,253,-0.13642707467079163
32,259,239,0.11188069730997086
0,252,81,0.05744028836488724
1,254,78,0.038248516619205475
2,254,78,0.03827764466404915
3,253,78,0.03834424912929535
4,255,78,0.05821339040994644
5,255,78,0.05818823352456093
6,256,78,0.058125365525484085
7,255,80,-0.0261603444814682
8,259,80,0.06459642946720123
9,252,83,0.03713865205645561
10,253,83,0.0627916157245636
11,252,93,-0.10883601754903793
12,262,96,0.11292585730552673
13,233,79,-0.17178969085216522
14,253,108,0.2022629827260971
15,228,60,-0.17615467309951782
16,245,89,0.25415414571762085
17,227,54,-0.1954738348722458
18,245,82,0.2702418863773346
19,229,54,-0.1911494880914688
20,244,80,0.24983975291252136
21,229,55,-0.17509569227695465
22,244,63,0.24733437597751617
23,256,150,-0.07868407666683197
24,262,149,0.07856416702270508
25,253,191,-0.08461974561214447
26,256,188,0.09707749634981155
27,259,235,-0.09434720128774643
28,265,227,0.11794137954711914
29,265,240,-0.0955062210559845
30,270,234,0.11897460371255875
31,251,252,-0.1393575370311737
32,257,240,0.09279441088438034
0,251,78,-0.005879923701286316
1,253,76,-0.017969435080885887
2,253,76,-0.017974505200982094
3,253,76,-0.017944365739822388
4,254,76,0.006316836923360825
5,254,76,0.0063074370846152306
6,255,76,0.006273325532674789
7,254,78,-0.05490089952945709
8,258,78,0.052711695432662964
9,251,81,-0.017801497131586075
10,252,81,0.013475031591951847
11,253,91,-0.12640507519245148
12,260,94,0.11198776960372925
13,233,76,-0.19343052804470062
14,239,79,0.15794923901557922
15,227,56,-0.2008499801158905
16,228,59,0.1047205701470375
17,225,51,-0.22698591649532318
18,226,54,0.10231027007102966
19,226,50,-0.22002872824668884
20,227,53,0.08276988565921783
21,227,52,-0.19889380037784576
22,227,54,0.09325195848941803
23,257,148,-0.08056502789258957
24,261,148,0.08040948212146759
25,253,188,-0.07696929574012756
26,255,186,0.09657244384288788
27,258,232,-0.0683629959821701
28,263,225,0.12614379823207855
29,264,236,-0.06912651658058167
30,268,231,0.12666916847229004
31,250,248,-0.1221029981970787
32,255,237,0.09259189665317535
0,249,77,-0.009641331620514393
1,251,75,-0.022177886217832565
2,251,75,-0.02217824012041092
3,251,75,-0.02214556746184826
4,251,75,0.00201334897428751
5,252,75,0.001999996369704604
6,253,75,0.001970525598153472
7,253,77,-0.05944900959730148
8,256,77,0.04897310957312584
9,249,80,-0.021854910999536514
10,250,81,0.009350080043077469
11,252,90,-0.12830018997192383
12,258,93,0.11002106964588165
13,234,73,-0.196862131357193
14,239,76,0.1575356274843216
15,225,53,-0.2033368945121765
16,227,58,0.11277353763580322
17,222,47,-0.22884872555732727
18,225,51,0.11179724335670471
19,224,47,-0.2204768806695938
20,226,52,0.09233471751213074
21,225,49,-0.20069442689418793
22,226,53,0.10187385976314545
23,256,147,-0.08156027644872665
24,260,147,0.08138573914766312
25,251,186,-0.08159463107585907
26,254,185,0.09206244349479675
27,256,230,-0.07697939872741699
28,260,225,0.11511984467506409
29,262,235,-0.07801545411348343
30,265,231,0.11457701772451401
31,247,247,-0.12850069999694824
32,252,237,0.08101741969585419
0,248,77,-0.012027682736515999
1,250,75,-0.024793120101094246
2,250,75,-0.024791471660137177
3,250,75,-0.02475781925022602
4,251,75,-0.0005783040542155504
5,252,75,-0.0005925502628087997
6,252,75,-0.0006236292538233101
7,252,77,-0.0631680116057396
8,255,77,0.04524652659893036
9,249,80,-0.02461310289800167
10,250,81,0.006608081515878439
11,251,89,-0.13156604766845703
12,259,93,0.1070118397474289
13,234,73,-0.2026594579219818
14,239,75,0.15541863441467285
15,224,53,-0.21487055718898773
16,227,58,0.1087217703461647
17,221,47,-0.24173589050769806
18,225,51,0.10846924781799316
19,223,47,-0.2320598065853119
20,225,51,0.08751274645328522
21,224,49,-0.2118312120437622
22,226,53,0.09749863296747208
23,255,147,-0.08234959095716476
24,261,147,0.08216782659292221
25,249,186,-0.08346455544233322
26,254,185,0.09426693618297577
27,255,230,-0.07815415412187576
28,261,224,0.11972086131572723
29,261,235,-0.07899191230535507
30,265,231,0.11959587037563324
31,246,248,-0.12745316326618195
32,252,236,0.08776312321424484
0,247,77,-0.016492322087287903
1,249,74,-0.028878910467028618
2,249,74,-0.02888273447751999
3,249,74,-0.028858749195933342
4,249,74,-0.004773982800543308
5,250,74,-0.004786588717252016
6,250,74,-0.004815188702195883
7,251,76,-0.06480135023593903
8,254,76,0.042909398674964905
9,247,80,-0.028069376945495605
10,248,80,0.003052906831726432
11,251,89,-0.1313982903957367
12,257,92,0.10484501719474792
13,233,72,-0.20586173236370087
14,237,75,0.1446152925491333
15,224,51,-0.21921218931674957
16,225,55,0.07980180531740189
17,221,45,-0.24684663116931915
18,223,50,0.0764954462647438
19,223,45,-0.23654067516326904
20,223,48,0.05445001274347305
21,223,46,-0.21606315672397614
22,224,50,0.06745745241641998
23,255,146,-0.08225523680448532
24,259,147,0.08206667006015778
25,249,185,-0.07860813289880753
26,253,184,0.08963848650455475
27,254,230,-0.06548992544412613
28,259,224,0.11873088777065277
29,260,235,-0.06622100621461868
30,263,231,0.11859075725078583
31,244,248,-0.12039992958307266
32,249,238,0.08003297448158264
0,246,77,-0.02306932769715786
1,248,75,-0.03538154438138008
2,248,75,-0.03537793084979057
3,248,75,-0.03535127639770508
4,249,75,-0.011263775639235973
5,249,75,-0.01127840019762516
6,250,75,-0.011312320828437805
7,251,77,-0.06998615711927414
8,253,77,0.03735050931572914
9,247,80,-0.03425697982311249
10,247,80,-0.0032144116703420877
11,250,89,-0.13552138209342957
12,256,92,0.09931686520576477
13,232,72,-0.20715804398059845
14,236,75,0.1347799152135849
15,223,49,-0.21863944828510284
16,225,56,0.07113171368837357
17,220,44,-0.24755516648292542
18,223,50,0.067095085978508
19,222,43,-0.23684640228748322
20,223,49,0.04532049223780632
21,222,45,-0.2154131382703781
22,224,51,0.058838341385126114
23,254,147,-0.08166191726922989
24,258,147,0.08145913481712341
25,247,187,-0.06020234525203705
26,252,185,0.09639992564916611
27,251,230,-0.0372956283390522
28,257,224,0.129266157746315
29,257,235,-0.036985352635383606
30,262,230,0.12928082048892975
31,242,247,-0.09087672084569931
32,249,237,0.10112863779067993
0,245,79,-0.02183568850159645
1,247,77,-0.03406362608075142
2,247,77,-0.03407476842403412
3,247,77,-0.034063611179590225
4,248,77,-0.00982503779232502
5,248,77,-0.009830853901803493
6,249,77,-0.009851072914898396
7,250,79,-0.0698036476969719
8,252,79,0.038051825016736984
9,245,82,-0.03368848189711571
10,245,83,-0.0023981998674571514
11,249,93,-0.13396362960338593
12,254,96,0.09676460921764374
13,232,75,-0.2073620706796646
14,235,77,0.129153773188591
15,221,51,-0.22391045093536377
16,224,57,0.060790419578552246
17,217,44,-0.2528518736362457
18,221,50,0.05779864639043808
19,220,44,-0.23949897289276123
20,221,48,0.035147443413734436
21,221,46,-0.2197970747947693
22,222,51,0.048188142478466034
23,252,150,-0.0802520290017128
24,255,150,0.08009471744298935
25,246,189,-0.06974567472934723
26,248,188,0.088642917573452
27,250,233,-0.056791894137859344
28,253,226,0.1210130974650383
29,256,237,-0.0571894496679306
30,258,231,0.12103648483753204
31,240,249,-0.10900027304887772
32,243,242,0.07986398041248322
0,244,81,-0.03198973834514618
1,246,79,-0.04465967416763306
2,247,79,-0.044672608375549316
3,247,79,-0.04466173052787781
4,247,79,-0.019120939075946808
5,248,79,-0.019118785858154297
6,248,79,-0.019136089831590652
7,249,81,-0.08145181089639664
8,252,81,0.03238648176193237
9,244,84,-0.04419715330004692
10,245,85,-0.011218269355595112
11,248,95,-0.14729316532611847
12,254,97,0.09449780732393265
13,231,78,-0.22489890456199646
14,235,81,0.13519951701164246
15,220,55,-0.2415858805179596
16,225,62,0.07088727504014969
17,217,47,-0.2729063332080841
18,221,53,0.06796257197856903
19,219,46,-0.2597714066505432
20,222,52,0.04430794715881348
21,219,48,-0.2375989854335785
22,223,54,0.057934846729040146
23,251,150,-0.08121205121278763
24,255,151,0.08107896894216537
25,244,190,-0.06896621733903885
26,247,190,0.0890149474143982
27,247,233,-0.04600389301776886
28,253,228,0.1377953439950943
29,253,238,-0.04561028629541397
30,257,234,0.13902601599693298
31,238,250,-0.0995442345738411
32,243,243,0.09050166606903076
0,243,84,-0.024178411811590195
1,245,82,-0.03747471794486046
2,246,82,-0.0374828577041626
3,246,82,-0.03747088462114334
4,246,82,-0.01240098662674427
5,247,82,-0.012398825027048588
6,247,82,-0.012415974400937557
7,248,85,-0.07539600878953934
8,251,85,0.035957664251327515
9,243,87,-0.036505669355392456
10,244,87,-0.004235514439642429
11,247,99,-0.14151199162006378
12,253,103,0.09569044411182404
13,229,81,-0.21095871925354004
14,234,85,0.1443464756011963
15,219,58,-0.21679182350635529
16,225,66,0.0871882438659668
17,216,51,-0.24592040479183197
18,222,60,0.08384811878204346
19,218,50,-0.2346293181180954
20,223,58,0.06199228763580322
21,219,52,-0.21320617198944092
22,224,60,0.07496166229248047
23,249,157,-0.08184514194726944
24,254,158,0.08172053098678589
25,242,196,-0.06626942753791809
26,246,196,0.09347518533468246
27,246,239,-0.036838680505752563
28,252,235,0.147244393825531
29,251,243,-0.035397667437791824
30,256,241,0.14937184751033783
31,237,258,-0.08208472281694412
32,242,251,0.10764871537685394
0,243,92,0.019563281908631325
1,245,89,0.0035170104820281267
2,245,89,0.0035352243576198816
3,245,89,0.0035735429264605045
4,246,89,0.0268107783049345
5,247,89,0.02679784968495369
6,247,89,0.02674572356045246
7,247,92,-0.049923621118068695
8,251,92,0.05395904555916786
9,243,95,0.0022050756961107254
10,244,96,0.032023824751377106
11,246,106,-0.12383057177066803
12,254,110,0.11061534285545349
13,228,85,-0.19146357476711273
14,236,91,0.19286958873271942
15,218,61,-0.19173790514469147
16,226,71,0.19003354012966156
17,216,54,-0.21216478943824768
18,223,67,0.19608932733535767
19,218,53,-0.20485930144786835
20,223,69,0.1782921701669693
21,219,56,-0.18875610828399658
22,224,69,0.18175429105758667
23,247,164,-0.08206036686897278
24,254,165,0.0819292664527893
25,240,203,-0.09048199653625488
26,246,201,0.11565028131008148
27,246,249,-0.11346524953842163
28,252,240,0.16299410164356232
29,252,255,-0.1171218603849411
30,256,246,0.16614499688148499
31,235,264,-0.16764342784881592
32,244,252,0.14290928840637207
0,242,93,0.018193550407886505
1,244,90,0.0017966603627428412
2,244,90,0.0018309723818674684
3,245,90,0.0018712262390181422
4,245,90,0.02220524102449417
5,246,90,0.02219918929040432
6,247,90,0.02213427610695362
7,247,93,-0.05210718885064125
8,250,93,0.05334610491991043
9,243,97,0.0009103142656385899
10,244,97,0.027380511164665222
11,246,107,-0.12427858263254166
12,253,112,0.11768203228712082
13,228,87,-0.19634675979614258
14,235,93,0.18298129737377167
15,219,63,-0.1984647512435913
16,224,72,0.15732768177986145
17,216,56,-0.22283706068992615
18,222,68,0.15967188775539398
19,218,54,-0.21231339871883392
20,223,69,0.14125201106071472
21,219,58,-0.19448944926261902
22,224,70,0.14795154333114624
23,247,165,-0.082891084253788
24,253,166,0.08276546746492386
25,238,205,-0.09058595448732376
26,244,203,0.11443667858839035
27,247,250,-0.0966242253780365
28,252,242,0.1588273048400879
29,252,257,-0.0984969362616539
30,256,249,0.16141919791698456
31,236,263,-0.14787638187408447
32,243,253,0.13580724596977234
0,241,99,0.011568999849259853
1,243,96,-0.0031968196853995323
2,243,96,-0.003188363742083311
3,243,96,-0.0031607216224074364
4,244,96,0.020270446315407753
5,244,96,0.020256759598851204
6,245,96,0.020207496359944344
7,246,99,-0.05170893296599388
8,249,99,0.0570591576397419
9,242,103,-0.0038964843843132257
10,242,103,0.02626626566052437
11,245,114,-0.1245512142777443
12,253,117,0.12062414735555649
13,228,94,-0.19961141049861908
14,235,99,0.18466679751873016
15,218,71,-0.20684567093849182
16,224,77,0.14967136085033417
17,215,64,-0.23145590722560883
18,223,72,0.15137633681297302
19,217,62,-0.2210824191570282
20,222,71,0.1323135793209076
21,218,65,-0.20296937227249146
22,224,74,0.13972853124141693
23,246,172,-0.08447687327861786
24,252,172,0.08433368802070618
25,236,211,-0.09671703726053238
26,243,209,0.11603549122810364
27,248,254,-0.10452166199684143
28,253,246,0.1568630337715149
29,253,262,-0.10698378831148148
30,257,253,0.15920308232307434
31,235,264,-0.16023313999176025
32,243,255,0.13375408947467804
0,239,110,0.019823629409074783
1,241,107,0.003024191129952669
2,241,107,0.00303633906878531
3,241,107,0.003060679417103529
4,242,107,0.027490535750985146
5,243,107,0.027450082823634148
6,244,107,0.02739655040204525
7,245,109,-0.052467819303274155
8,248,109,0.057352952659130096
9,240,113,0.0011234614066779613
10,241,113,0.03261261805891991
11,244,124,-0.12942813336849213
12,253,126,0.12053246051073074
13,224,110,-0.20298747718334198
14,235,117,0.22718995809555054
15,214,88,-0.19377273321151733
16,224,110,0.27433082461357117
17,212,81,-0.20925602316856384
18,221,107,0.289642870426178
19,213,80,-0.20045973360538483
20,221,106,0.27316609025001526
21,214,82,-0.18918275833129883
22,222,107,0.26814720034599304
23,245,182,-0.08756536990404129
24,252,181,0.08742857724428177
25,231,218,-0.09391612559556961
26,242,214,0.13653233647346497
27,248,256,-0.07529912143945694
28,253,249,0.19958145916461945
29,254,264,-0.07080922275781631
30,258,255,0.2060612142086029
31,236,266,-0.08793016523122787
32,244,257,0.20544208586215973
0,240,112,0.013852864503860474
1,242,108,-0.0017818971537053585
2,242,109,-0.00177705695386976
3,242,109,-0.0017539922846481204
4,243,108,0.02242693118751049
5,244,108,0.022400444373488426
6,244,108,0.022352077066898346
7,245,111,-0.0531623438000679
8,248,111,0.05634329095482826
9,241,115,-0.002889612689614296
10,241,115,0.028355084359645844
11,244,127,-0.1298384815454483
12,253,128,0.12603580951690674
13,219,118,-0.15701818466186523
14,230,120,0.21421527862548828
15,210,96,-0.08399061113595963
16,218,99,0.22470755875110626
17,208,90,-0.096530981361866
18,211,93,0.23216727375984192
19,209,89,-0.09419424086809158
20,212,92,0.21695919334888458
21,210,91,-0.08072076737880707
22,216,94,0.21723121404647827
23,244,184,-0.08803406357765198
24,251,183,0.0878804475069046
25,229,218,-0.0924866646528244
26,239,215,0.13267526030540466
27,248,257,-0.05480914190411568
28,253,250,0.19905167818069458
29,254,264,-0.049518778920173645
30,258,256,0.20563822984695435
31,235,266,-0.06476607918739319
32,242,259,0.20555754005908966
0,240,111,0.030602553859353065
1,242,108,0.01284599769860506
2,243,108,0.012865760363638401
3,243,108,0.012899130582809448
4,243,108,0.035946644842624664
5,244,108,0.0359094999730587
6,245,108,0.03588283807039261
7,245,110,-0.04650185629725456
8,249,110,0.05783980339765549
9,241,115,0.011035113595426083
10,242,115,0.0407768078148365
11,244,127,-0.12636137008666992
12,253,128,0.12410297244787216
13,217,127,-0.15723173320293427
14,243,147,0.22399364411830902
15,206,107,-0.0999322459101677
16,228,148,0.29550009965896606
17,203,102,-0.11159072071313858
18,224,147,0.31541427969932556
19,205,100,-0.10547519475221634
20,223,146,0.2998166084289551
21,206,102,-0.09590864181518555
22,224,146,0.29075902700424194
23,243,182,-0.08718062192201614
24,251,181,0.08701194822788239
25,228,218,-0.09150576591491699
26,239,214,0.1458447426557541
27,249,258,-0.06317361444234848
28,253,248,0.21539241075515747
29,254,264,-0.0605049654841423
30,259,253,0.2228744477033615
31,234,266,-0.08428732305765152
32,243,257,0.22305959463119507
0,241,112,0.032539721578359604
1,243,109,0.015468845143914223
2,243,109,0.015492185950279236
3,243,109,0.015541218221187592
4,244,109,0.036621805280447006
5,244,108,0.03659403696656227
6,245,108,0.03656284138560295
7,246,111,-0.0405520536005497
8,249,111,0.05707284435629845
9,241,115,0.01472523808479309
10,242,115,0.042049650102853775
11,244,127,-0.11585249751806259
12,254,128,0.10884273052215576
13,217,128,-0.16539514064788818
14,250,153,0.21075621247291565
15,205,107,-0.15810346603393555
16,240,162,0.2738099992275238
17,202,102,-0.171663299202919
18,238,164,0.2919589579105377
19,204,100,-0.16314475238323212
20,238,163,0.2766169607639313
21,205,102,-0.15440398454666138
22,238,162,0.26944002509117126
23,243,182,-0.08200282603502274
24,251,181,0.08171848952770233
25,228,217,-0.08094636350870132
26,238,214,0.1310127079486847
27,249,257,-0.05144733563065529
28,253,248,0.19949078559875488
29,255,263,-0.04758746922016144
30,259,253,0.21424737572669983
31,235,266,-0.06975404918193817
32,244,256,0.19214338064193726
