0,248,86,0.26062366366386414
1,247,83,0.24052298069000244
2,246,83,0.24056467413902283
3,245,83,0.24055039882659912
4,249,83,0.25006741285324097
5,250,82,0.250019371509552
6,251,82,0.24994423985481262
7,245,85,0.15457728505134583
8,253,84,0.19443681836128235
9,247,90,0.23130513727664948
10,249,90,0.2425316572189331
11,243,105,0.05407349765300751
12,265,103,0.20926964282989502
13,239,134,0.1331198364496231
14,263,129,0.30291780829429626
15,230,136,0.30560243129730225
16,244,136,0.40169429779052734
17,226,136,0.3207548260688782
18,240,138,0.4216158986091614
19,226,133,0.317415714263916
20,236,136,0.41832149028778076
21,228,133,0.30902695655822754
22,237,135,0.4018884003162384
23,266,157,-0.07511617988348007
24,278,155,0.07512057572603226
25,255,198,-0.11638477444648743
26,264,194,0.06795914471149445
27,260,250,-0.16261924803256989
28,295,224,0.08243311196565628
29,266,259,-0.16745533049106598
30,301,229,0.08270131796598434
31,244,258,-0.19516046345233917
32,286,241,0.06985437870025635
0,247,86,0.2619765102863312
1,247,83,0.24105806648731232
2,246,83,0.2411038726568222
3,245,83,0.2410927414894104
4,249,83,0.2502138316631317
5,250,82,0.25016388297080994
6,251,82,0.2500939667224884
7,245,85,0.15451915562152863
8,253,84,0.19246378540992737
9,247,90,0.23236083984375
10,249,89,0.24296653270721436
11,242,105,0.0600556954741478
12,265,103,0.2089838981628418
13,239,135,0.14477504789829254
14,263,128,0.3208276629447937
15,229,136,0.31630417704582214
16,244,130,0.4433952867984772
17,225,134,0.3330422341823578
18,240,131,0.46540454030036926
19,226,132,0.32757964730262756
20,236,130,0.4607985317707062
21,228,132,0.3191974461078644
22,237,129,0.44394752383232117
23,267,157,-0.07442641258239746
24,278,154,0.07445774972438812
25,255,198,-0.12986840307712555
26,265,193,0.06701809167861938
27,260,251,-0.2040826678276062
28,295,225,0.061545539647340775
29,266,259,-0.21223203837871552
30,302,230,0.05899421498179436
31,243,258,-0.2515812814235687
32,289,239,0.04014073684811592
0,247,86,0.2615515887737274
1,247,83,0.2401420921087265
2,246,83,0.24018962681293488
3,245,83,0.24018065631389618
4,249,83,0.2489078789949417
5,250,82,0.2488543838262558
6,251,82,0.24879129230976105
7,245,85,0.15235821902751923
8,253,84,0.188822939991951
9,247,90,0.2317914068698883
10,249,89,0.24202166497707367
11,242,105,0.059714049100875854
12,265,102,0.20718951523303986
13,239,135,0.14460046589374542
14,263,128,0.32139647006988525
15,229,136,0.3157445788383484
16,244,129,0.44368690252304077
17,225,134,0.33237481117248535
18,240,129,0.46586331725120544
19,226,131,0.32703664898872375
20,234,129,0.4609973728656769
21,227,132,0.3186797797679901
22,237,128,0.44412869215011597
23,267,157,-0.0740455612540245
24,279,153,0.07409065216779709
25,255,198,-0.13216395676136017
26,265,193,0.06658891588449478
27,260,251,-0.20500151813030243
28,295,225,0.05927521362900734
29,266,259,-0.2129295915365219
30,303,231,0.056723520159721375
31,242,258,-0.2524562478065491
32,289,239,0.0371960885822773
0,247,86,0.2543628513813019
1,247,83,0.23259687423706055
2,246,83,0.2326415777206421
3,245,83,0.23263362050056458
4,249,83,0.24102824926376343
5,250,82,0.2409733533859253
6,251,82,0.24091213941574097
7,245,85,0.1446915864944458
8,253,84,0.1803564429283142
9,247,90,0.22480256855487823
10,249,89,0.23468716442584991
11,242,105,0.056251026690006256
12,265,102,0.20077641308307648
13,239,135,0.1442921757698059
14,263,127,0.31761103868484497
15,229,135,0.3135448098182678
16,244,129,0.4367736577987671
17,225,134,0.33163514733314514
18,240,129,0.4590807855129242
19,225,131,0.32526618242263794
20,234,128,0.45407673716545105
21,227,131,0.3164205551147461
22,237,128,0.4371436834335327
23,267,157,-0.07361573725938797
24,279,153,0.07366631180047989
25,256,198,-0.12930791079998016
26,265,193,0.0640619695186615
27,260,250,-0.19441261887550354
28,295,225,0.05356530100107193
29,266,259,-0.20141606032848358
30,303,231,0.05071847513318062
31,242,258,-0.23863160610198975
32,289,239,0.029839469119906425
0,245,86,0.26064497232437134
1,245,83,0.23882952332496643
2,244,83,0.23888027667999268
3,244,83,0.23886162042617798
4,247,83,0.24854245781898499
5,248,82,0.24847954511642456
6,249,82,0.24842210114002228
7,244,85,0.15014022588729858
8,251,84,0.1922045797109604
9,245,90,0.23086385428905487
10,247,89,0.24244189262390137
11,242,105,0.06088615581393242
12,264,102,0.2118280678987503
13,240,135,0.15036126971244812
14,264,128,0.3243827223777771
15,229,137,0.32719898223876953
16,247,129,0.43596965074539185
17,225,136,0.34444764256477356
18,244,130,0.45702511072158813
19,225,133,0.34070059657096863
20,239,128,0.4513194262981415
21,227,133,0.33114802837371826
22,240,128,0.4356987476348877
23,267,156,-0.07370713353157043
24,279,153,0.07376553118228912
25,255,198,-0.1320999264717102
26,265,193,0.09254100918769836
27,260,249,-0.20058125257492065
28,291,225,0.10805598646402359
29,266,259,-0.20792558789253235
30,299,231,0.10799241811037064
31,242,258,-0.24838154017925262
32,286,237,0.09094119071960449
0,238,89,0.24628472328186035
1,238,85,0.224082812666893
2,238,86,0.22409459948539734
3,238,86,0.2240864336490631
4,240,85,0.24092997610569
5,241,85,0.24089065194129944
6,242,85,0.24082772433757782
7,239,87,0.1342964470386505
8,245,86,0.20335035026073456
9,239,92,0.21584804356098175
10,241,92,0.2370251715183258
11,239,105,0.025127368047833443
12,259,104,0.22631391882896423
13,242,136,0.047453008592128754
14,263,132,0.30192428827285767
15,232,146,0.16062292456626892
16,249,145,0.3467716574668884
17,229,148,0.1642264425754547
18,248,148,0.3597981035709381
19,228,145,0.1645011156797409
20,244,146,0.34900718927383423
21,230,143,0.16499747335910797
22,244,145,0.34222522377967834
23,264,157,-0.08003760874271393
24,276,154,0.08010268956422806
25,250,198,-0.13039137423038483
26,262,192,0.11761424690485
27,260,249,-0.1939726173877716
28,278,225,0.12498614937067032
29,265,257,-0.20084252953529358
30,282,231,0.12381438910961151
31,241,258,-0.23752082884311676
32,266,238,0.11109429597854614
0,236,92,0.23407311737537384
1,236,89,0.21124610304832458
2,236,89,0.21124167740345
3,235,89,0.2112284004688263
4,237,88,0.22872336208820343
5,238,88,0.2287006676197052
6,239,88,0.22864164412021637
7,236,90,0.12154489010572433
8,242,89,0.20282931625843048
9,236,96,0.20395369827747345
10,238,95,0.2261766791343689
11,237,107,0.014325790107250214
12,257,107,0.22175540030002594
13,243,138,0.0003857385308947414
14,263,135,0.28497013449668884
15,235,153,0.06574101001024246
16,251,149,0.3330116271972656
17,233,157,0.06178922578692436
18,248,153,0.34579330682754517
19,232,154,0.06353580206632614
20,245,152,0.3348618745803833
21,233,153,0.06925453990697861
22,244,151,0.3286752700805664
23,261,161,-0.07977926731109619
24,274,158,0.0798511877655983
25,244,198,-0.11475921422243118
26,258,192,0.1476903259754181
27,259,248,-0.16931718587875366
28,271,226,0.1656695306301117
29,265,256,-0.17544591426849365
30,275,232,0.16564978659152985
31,242,258,-0.20458672940731049
32,260,237,0.15696246922016144
0,233,96,0.1580560803413391
1,233,92,0.13441474735736847
2,233,92,0.13440461456775665
3,233,92,0.13439777493476868
4,235,91,0.15620364248752594
5,236,91,0.15619531273841858
6,236,91,0.15610456466674805
7,235,94,0.05009831115603447
8,240,92,0.1477402150630951
9,234,99,0.1302092969417572
10,235,99,0.1581796258687973
11,236,110,-0.05295281112194061
12,253,111,0.18805024027824402
13,243,141,-0.09485878795385361
14,261,138,0.2525129020214081
15,235,156,-0.06958569586277008
16,250,153,0.28640592098236084
17,232,160,-0.0808509811758995
18,248,156,0.3014521896839142
19,231,157,-0.07522337883710861
20,244,156,0.28664007782936096
21,232,155,-0.06539753079414368
22,244,155,0.28058844804763794
23,259,165,-0.08356473594903946
24,271,162,0.08356089144945145
25,239,199,-0.11469313502311707
26,255,192,0.16780835390090942
27,258,248,-0.1558789163827896
28,266,228,0.20696943998336792
29,265,255,-0.16011060774326324
30,270,234,0.20981401205062866
31,241,258,-0.19167791306972504
32,255,237,0.20590528845787048
0,232,96,0.17165538668632507
1,233,92,0.1517728865146637
2,232,92,0.15177558362483978
3,232,92,0.15178030729293823
4,234,92,0.1735605001449585
5,235,92,0.1735479086637497
6,235,91,0.17346042394638062
7,234,94,0.07601509243249893
8,239,93,0.1672431230545044
9,233,100,0.1459565907716751
10,234,99,0.17368875443935394
11,236,111,-0.029120292514562607
12,253,112,0.20435762405395508
13,243,142,-0.054280512034893036
14,259,139,0.26013854146003723
15,234,156,-0.0018213822040706873
16,247,154,0.2710990011692047
17,231,161,-0.008910596370697021
18,246,157,0.28216299414634705
19,231,158,-0.005611043889075518
20,243,156,0.2685208320617676
21,232,157,0.002288306597620249
22,243,155,0.2647649347782135
23,258,165,-0.08554589748382568
24,270,162,0.08550398796796799
25,239,199,-0.11768527328968048
26,253,192,0.15584279596805573
27,258,248,-0.1718100905418396
28,265,229,0.1766374707221985
29,265,256,-0.17867432534694672
30,269,235,0.17706729471683502
31,240,258,-0.21263831853866577
32,255,237,0.17138606309890747
0,231,99,0.11100190132856369
1,231,95,0.08841418474912643
2,231,96,0.08841945230960846
3,231,96,0.08841919898986816
4,232,95,0.1115574911236763
5,233,95,0.1115410327911377
6,234,95,0.11145569384098053
7,234,97,0.01124456524848938
8,238,96,0.11332470178604126
9,231,103,0.08526671677827835
10,233,102,0.11472191661596298
11,236,115,-0.0815972238779068
12,252,114,0.1606435477733612
13,243,147,-0.09304080903530121
14,258,143,0.21969079971313477
15,231,159,-0.03169982507824898
16,246,158,0.2344338744878769
17,228,163,-0.03935423120856285
18,245,161,0.24491359293460846
19,225,160,-0.035260286182165146
20,243,160,0.22915005683898926
21,227,158,-0.027013001963496208
22,242,159,0.22763347625732422
23,257,167,-0.08433258533477783
24,268,166,0.08431030064821243
25,236,201,-0.1179293692111969
26,251,196,0.17382557690143585
27,257,248,-0.15877974033355713
28,264,230,0.22919608652591705
29,264,255,-0.16181115806102753
30,268,236,0.23425926268100739
31,240,257,-0.1910724937915802
32,253,237,0.2339952439069748
0,230,101,0.08979618549346924
1,231,98,0.0671984851360321
2,231,98,0.06720376014709473
3,231,98,0.06718701124191284
4,232,97,0.09057340770959854
5,233,97,0.09055589884519577
6,234,97,0.09047619253396988
7,233,100,-0.007044006604701281
8,238,99,0.09566117078065872
9,231,105,0.06530409306287766
10,232,105,0.09492983669042587
11,236,120,-0.09454755485057831
12,251,118,0.1545020043849945
13,242,153,-0.06890562176704407
14,255,149,0.2112390398979187
15,226,161,0.04094813019037247
16,241,161,0.21901728212833405
17,221,163,0.03896019235253334
18,238,163,0.22852808237075806
19,220,160,0.04267001524567604
20,235,161,0.2139383852481842
21,222,159,0.04661710187792778
22,236,161,0.21242763102054596
23,256,170,-0.08666358143091202
24,267,168,0.08663257956504822
25,232,203,-0.11805272102355957
26,247,198,0.17850686609745026
27,256,248,-0.14431680738925934
28,264,232,0.24432280659675598
29,263,255,-0.14495937526226044
30,269,237,0.25111666321754456
31,239,258,-0.16582602262496948
32,254,239,0.25707221031188965
0,230,105,0.06427759677171707
1,232,102,0.03956936299800873
2,232,102,0.03958463296294212
3,232,102,0.039564069360494614
4,232,101,0.059631071984767914
5,233,101,0.05961872637271881
6,234,101,0.05959325283765793
7,234,104,-0.03315543755888939
8,238,103,0.05426761880517006
9,231,109,0.041540902107954025
10,232,109,0.06673579663038254
11,236,126,-0.10606575757265091
12,252,122,0.12008616328239441
13,225,155,-0.05102381482720375
14,250,152,0.2181144505739212
15,209,146,0.07698538899421692
16,232,155,0.27865415811538696
17,203,143,0.08466663211584091
18,228,157,0.2926958203315735
19,205,140,0.0868912860751152
20,226,155,0.28097471594810486
21,208,141,0.0880461260676384
22,226,157,0.2748394310474396
23,253,177,-0.08582383394241333
24,266,174,0.08578800410032272
25,228,206,-0.09629497677087784
26,244,201,0.2483314871788025
27,254,248,-0.14140337705612183
28,262,233,0.3233633041381836
29,261,254,-0.14237269759178162
30,268,238,0.33195239305496216
31,238,258,-0.15135306119918823
32,253,240,0.3460821211338043
0,231,106,0.06270967423915863
1,232,103,0.041089773178100586
2,232,103,0.041121743619441986
3,232,103,0.04111926630139351
4,233,102,0.06126903370022774
5,234,102,0.06126519292593002
6,235,102,0.06125735118985176
7,235,105,-0.019808689132332802
8,239,104,0.06808388978242874
9,232,110,0.04423755034804344
10,233,110,0.0696517676115036
11,235,127,-0.09453067928552628
12,252,124,0.13710197806358337
13,216,152,-0.043539464473724365
14,246,152,0.21298930048942566
15,207,132,0.10385073721408844
16,230,155,0.2461954802274704
17,203,127,0.108131043612957
18,226,156,0.25927937030792236
19,206,124,0.11120196431875229
20,225,154,0.2515239119529724
21,208,126,0.11252899467945099
22,226,155,0.24402913451194763
23,251,177,-0.08635353296995163
24,264,175,0.08629904687404633
25,225,208,-0.09337026625871658
26,242,204,0.230926513671875
27,253,248,-0.13610875606536865
28,261,233,0.29567769169807434
29,260,254,-0.13722455501556396
30,268,239,0.3027178943157196
31,238,258,-0.1438138484954834
32,254,244,0.3166852295398712
0,231,106,0.022748570889234543
1,232,103,0.0034563455265015364
2,232,103,0.003472099779173732
3,232,103,0.0034572817385196686
4,233,102,0.024894844740629196
5,234,102,0.02488679438829422
6,234,102,0.02487867884337902
7,235,105,-0.04489734768867493
8,239,104,0.04917164891958237
9,232,110,0.008336551487445831
10,233,110,0.03552963212132454
11,236,127,-0.10735210031270981
12,252,124,0.12854911386966705
13,216,151,-0.07351803034543991
14,240,150,0.19035665690898895
15,206,130,0.06617239862680435
16,221,140,0.20794308185577393
17,203,125,0.06552305817604065
18,217,135,0.21685399115085602
19,206,123,0.06938724219799042
20,216,133,0.21244260668754578
21,207,124,0.07288186997175217
22,218,133,0.20641376078128815
23,251,177,-0.08631084859371185
24,262,175,0.08630603551864624
25,225,208,-0.1080159917473793
26,240,204,0.24022932350635529
27,254,248,-0.14104287326335907
28,261,233,0.34282276034355164
29,261,254,-0.14688490331172943
30,268,238,0.353385329246521
31,238,259,-0.165708988904953
32,252,243,0.36388131976127625
0,231,106,-0.018704619258642197
1,232,103,-0.037237297743558884
2,232,103,-0.03721484914422035
3,232,103,-0.03722374886274338
4,233,103,-0.01325489766895771
5,234,102,-0.01325584389269352
6,235,102,-0.01324608363211155
7,235,105,-0.08068659156560898
8,239,104,0.02493497170507908
9,232,110,-0.03172501549124718
10,233,110,-0.0011695013381540775
11,235,125,-0.1409866213798523
12,251,124,0.11000046879053116
13,212,142,-0.11807277798652649
14,233,143,0.19025331735610962
15,209,118,0.014465617947280407
16,219,121,0.22596599161624908
17,206,112,0.008493893779814243
18,216,115,0.2352483868598938
19,210,110,0.005997499451041222
20,218,114,0.23011808097362518
21,211,113,0.017573079094290733
22,219,116,0.2240380495786667
23,249,177,-0.08777335286140442
24,260,175,0.08784592896699905
25,224,209,-0.1080813854932785
26,239,205,0.20587587356567383
27,254,248,-0.10771285742521286
28,261,233,0.3109814524650574
29,261,254,-0.10578233003616333
30,267,238,0.32250380516052246
31,239,259,-0.12007498741149902
32,252,243,0.33032312989234924
0,230,105,-0.01471493486315012
1,230,102,-0.03236294537782669
2,230,102,-0.032341036945581436
3,231,102,-0.03236793354153633
4,231,102,-0.00846347026526928
5,232,101,-0.008447381667792797
6,233,101,-0.008433430455625057
7,234,103,-0.07486594468355179
8,237,102,0.03087562322616577
9,231,109,-0.027751166373491287
10,232,109,0.00280563160777092
11,236,123,-0.14304186403751373
12,249,122,0.11314106732606888
13,209,128,-0.13155795633792877
14,227,129,0.20965823531150818
15,212,105,-0.006426626816391945
16,220,106,0.2487678825855255
17,208,97,-0.0133221335709095
18,219,98,0.2477375864982605
19,213,98,-0.023315072059631348
20,219,100,0.2677035331726074
21,213,101,-0.006811303086578846
22,223,102,0.25429606437683105
23,250,176,-0.08874139934778214
24,258,174,0.08881699293851852
25,225,209,-0.09644633531570435
26,239,206,0.17939689755439758
27,255,248,-0.0863448828458786
28,261,234,0.27407220005989075
29,262,254,-0.08360812813043594
30,268,240,0.282733678817749
31,239,259,-0.10004480928182602
32,252,245,0.285004198551178
0,229,101,-0.036778710782527924
1,230,97,-0.0561070442199707
2,230,97,-0.056098032742738724
3,230,97,-0.05608855187892914
4,231,97,-0.030649160966277122
5,231,97,-0.030650660395622253
6,232,97,-0.03065725602209568
7,234,100,-0.10126783698797226
8,236,99,0.011391136795282364
9,230,105,-0.04987543448805809
10,231,104,-0.017288746312260628
11,235,120,-0.16281257569789886
12,247,120,0.09650539606809616
13,208,116,-0.18099656701087952
14,232,127,0.2179797887802124
15,214,94,-0.11322399228811264
16,223,116,0.31934669613838196
17,212,88,-0.12866662442684174
18,221,113,0.33610886335372925
19,216,88,-0.13709762692451477
20,221,112,0.33097708225250244
21,216,90,-0.11480401456356049
22,222,112,0.31883588433265686
23,248,174,-0.08810173720121384
24,255,173,0.08816414326429367
25,226,209,-0.06033657491207123
26,242,207,0.1798885613679886
27,254,247,-0.014724071137607098
28,263,236,0.27452123165130615
29,262,253,-0.008727124892175198
30,269,241,0.2834204137325287
31,239,259,-0.027289418503642082
32,254,247,0.27820828557014465
0,227,83,-0.036553751677274704
1,229,80,-0.0554022490978241
2,229,80,-0.055405210703611374
3,229,80,-0.055419888347387314
4,229,80,-0.028770625591278076
5,230,80,-0.028752809390425682
6,230,80,-0.028741180896759033
7,233,82,-0.10113546997308731
8,234,82,0.017354607582092285
9,228,87,-0.05087415874004364
10,228,88,-0.01668098382651806
11,234,102,-0.16651271283626556
12,243,104,0.10263080894947052
13,208,96,-0.16966554522514343
14,223,99,0.2212049514055252
15,214,80,-0.07090847939252853
16,216,80,0.3055342733860016
17,212,72,-0.0845540463924408
18,215,75,0.3176349103450775
19,216,72,-0.09409599751234055
20,216,75,0.3117418587207794
21,217,79,-0.07208278030157089
22,216,76,0.30320656299591064
23,242,161,-0.0887509435415268
24,249,160,0.08883257955312729
25,228,204,-0.07911133766174316
26,242,200,0.18015384674072266
27,255,246,-0.07005459070205688
28,262,234,0.27627456188201904
29,262,253,-0.06874624639749527
30,267,239,0.28476929664611816
31,239,258,-0.09882509708404541
32,249,247,0.2728273868560791
0,227,84,-0.022022182121872902
1,228,80,-0.03925441950559616
2,229,80,-0.039250921458005905
3,229,80,-0.039269886910915375
4,229,80,-0.014296358451247215
5,230,80,-0.014281713403761387
6,230,80,-0.014263839460909367
7,232,82,-0.0831959918141365
8,234,82,0.027881141752004623
9,227,88,-0.035823747515678406
10,228,88,-0.0038016221951693296
11,233,101,-0.14999517798423767
12,242,103,0.1092204600572586
13,207,94,-0.15058566629886627
14,224,98,0.22020408511161804
15,215,75,-0.04436975345015526
16,219,78,0.29893606901168823
17,215,73,-0.053179819136857986
18,217,74,0.31076928973197937
19,219,73,-0.06336533278226852
20,218,74,0.30569297075271606
21,219,74,-0.045366160571575165
22,219,75,0.29674774408340454
23,242,160,-0.08850554376840591
24,248,159,0.08856851607561111
25,229,203,-0.0857490822672844
26,242,198,0.1577838957309723
27,254,246,-0.08909044414758682
28,262,233,0.23368148505687714
29,261,253,-0.0890638455748558
30,266,237,0.23997536301612854
31,239,259,-0.12772822380065918
32,251,246,0.22372928261756897
0,226,76,-0.029776647686958313
1,228,71,-0.04638376459479332
2,228,71,-0.04637807235121727
3,229,71,-0.046387773007154465
4,228,71,-0.02110186591744423
5,229,72,-0.02108858712017536
6,230,72,-0.021084560081362724
7,232,74,-0.08806756883859634
8,233,74,0.024476222693920135
9,227,80,-0.04282917454838753
10,228,80,-0.010349549353122711
11,233,93,-0.15484045445919037
12,241,95,0.10661472380161285
13,207,86,-0.1648847758769989
14,221,91,0.2136612832546234
15,214,66,-0.0783606618642807
16,217,71,0.2838692367076874
17,215,65,-0.09040286391973495
18,216,67,0.29405587911605835
19,219,66,-0.09911346435546875
20,218,66,0.28851792216300964
21,219,66,-0.07933691143989563
22,218,68,0.28074073791503906
23,239,152,-0.08841945976018906
24,244,151,0.08848153799772263
25,233,197,-0.08766144514083862
26,242,192,0.151450976729393
27,251,241,-0.09244053810834885
28,260,229,0.22694821655750275
29,256,246,-0.09340672940015793
30,264,234,0.23325800895690918
31,239,255,-0.14011894166469574
32,251,241,0.2145567238330841
0,227,70,-0.027207333594560623
1,229,66,-0.04276740550994873
2,229,66,-0.0427597351372242
3,229,66,-0.04276246577501297
4,229,66,-0.01797773316502571
5,230,66,-0.017978377640247345
6,230,66,-0.017972581088542938
7,232,68,-0.08282049745321274
8,234,68,0.02766273356974125
9,228,73,-0.03977750614285469
10,228,73,-0.00795276090502739
11,232,86,-0.14931710064411163
12,239,89,0.10514476150274277
13,207,77,-0.1655145138502121
14,219,81,0.20377525687217712
15,213,57,-0.08843149989843369
16,218,59,0.25789305567741394
17,215,55,-0.10169044882059097
18,217,57,0.26549065113067627
19,219,56,-0.10832595825195312
20,217,55,0.25715529918670654
21,218,56,-0.08908895403146744
22,217,56,0.2529723644256592
23,237,144,-0.08736579120159149
24,241,144,0.08738565444946289
25,235,187,-0.07195262610912323
26,241,184,0.11027549207210541
27,250,230,-0.05372374877333641
28,255,222,0.15458007156848907
29,253,234,-0.05276693031191826
30,259,227,0.15721456706523895
31,240,243,-0.09934104233980179
32,248,236,0.13017328083515167
0,226,61,-0.004773027263581753
1,227,57,-0.020675817504525185
2,227,57,-0.020670078694820404
3,228,57,-0.020673789083957672
4,228,57,0.003373711137101054
5,228,57,0.0033736650366336107
6,229,57,0.0033710841089487076
7,230,59,-0.07331761717796326
8,232,59,0.03967933729290962
9,226,64,-0.018313363194465637
10,226,64,0.012476767413318157
11,228,75,-0.140674889087677
12,236,77,0.11309486627578735
13,205,62,-0.15406236052513123
14,215,65,0.19102580845355988
15,206,43,-0.08876598626375198
16,212,44,0.19019947946071625
17,206,41,-0.10527664422988892
18,213,42,0.1905297487974167
19,211,41,-0.10753413289785385
20,213,42,0.1797792613506317
21,210,41,-0.08848724514245987
22,213,42,0.18263977766036987
23,234,134,-0.08672484010457993
24,240,135,0.08667085319757462
25,234,179,-0.07551995664834976
26,240,176,0.08674441277980804
27,246,225,-0.06726547330617905
28,252,216,0.10507886111736298
29,250,229,-0.06754273176193237
30,257,223,0.10490180552005768
31,237,240,-0.1122458204627037
32,244,229,0.07521215081214905
0,222,55,-0.0039576515555381775
1,224,51,-0.01760929450392723
2,224,51,-0.017607610672712326
3,224,51,-0.017603082582354546
4,224,51,0.006744696758687496
5,225,51,0.006744179408997297
6,225,51,0.0067304386757314205
7,227,54,-0.06803695857524872
8,229,54,0.047265004366636276
9,222,58,-0.016102712601423264
10,223,58,0.015148683451116085
11,226,69,-0.13424250483512878
12,231,72,0.11570535600185394
13,204,52,-0.18030156195163727
14,209,53,0.16800078749656677
15,201,29,-0.1598374843597412
16,202,32,0.1160123348236084
17,201,24,-0.1845325231552124
18,201,25,0.11081826686859131
19,204,24,-0.18066911399364471
20,202,25,0.09551552683115005
21,204,25,-0.15855124592781067
22,202,26,0.10562862455844879
23,231,129,-0.08747637271881104
24,238,129,0.08737596869468689
25,231,173,-0.08011173456907272
26,238,170,0.10560591518878937
27,240,220,-0.07947863638401031
28,248,209,0.13863606750965118
29,245,225,-0.08007553964853287
30,253,217,0.13947297632694244
31,232,240,-0.1326790750026703
32,239,224,0.10812938958406448
0,221,54,-0.014079829677939415
1,223,51,-0.027069715782999992
2,223,51,-0.027062736451625824
3,223,51,-0.027053873986005783
4,223,51,-0.001460227882489562
5,224,51,-0.0014666251372545958
6,224,51,-0.0014809616841375828
7,226,54,-0.06710771471261978
8,228,54,0.0477898009121418
9,221,57,-0.026151517406105995
10,222,57,0.006976292002946138
11,225,69,-0.13672059774398804
12,231,71,0.11395669728517532
13,204,52,-0.20807312428951263
14,208,52,0.15098099410533905
15,200,27,-0.21380281448364258
16,201,27,0.0882834866642952
17,200,20,-0.24306313693523407
18,200,20,0.08195563405752182
19,202,20,-0.23452989757061005
20,201,20,0.06480574607849121
21,202,22,-0.21155409514904022
22,202,22,0.07711241394281387
23,231,129,-0.0874277725815773
24,236,129,0.08733657747507095
25,231,172,-0.07885491847991943
26,236,170,0.09336765110492706
27,243,219,-0.06294368207454681
28,245,211,0.12447597831487656
29,247,223,-0.06277275085449219
30,251,217,0.1247725561261177
31,231,238,-0.11953955888748169
32,237,226,0.08311805129051208
0,220,54,-0.005321331787854433
1,222,51,-0.019764438271522522
2,222,52,-0.0197589211165905
3,222,52,-0.01975102908909321
4,222,51,0.005060440395027399
5,223,52,0.005057129543274641
6,223,52,0.005045309197157621
7,224,54,-0.06357034295797348
8,227,54,0.05423416942358017
9,220,58,-0.01881113462150097
10,221,58,0.01354180183261633
11,224,68,-0.13380345702171326
12,230,70,0.11514069139957428
13,204,51,-0.20128929615020752
14,209,52,0.16771359741687775
15,198,28,-0.20784048736095428
16,200,29,0.11730670183897018
17,196,21,-0.23471106588840485
18,198,21,0.11462575942277908
19,197,21,-0.22645026445388794
20,199,21,0.09520085901021957
21,198,23,-0.2052636444568634
22,200,23,0.10612887889146805
23,230,127,-0.08745180815458298
24,236,128,0.08734750002622604
25,230,171,-0.08192996680736542
26,235,169,0.0923989787697792
27,239,218,-0.06795482337474823
28,244,211,0.11487773805856705
29,245,223,-0.07180500030517578
30,251,218,0.11445346474647522
31,228,239,-0.14092807471752167
32,235,226,0.07897423952817917
0,218,55,-0.01111872773617506
1,220,52,-0.024886604398489
2,220,52,-0.024877797812223434
3,220,52,-0.024842698127031326
4,221,52,0.001186875393614173
5,221,52,0.0011734506115317345
6,222,52,0.0011521346168592572
7,223,54,-0.06742402166128159
8,226,54,0.051917966455221176
9,218,58,-0.024929994717240334
10,219,58,0.00888130720704794
11,222,68,-0.13666896522045135
12,229,70,0.11360350251197815
13,203,51,-0.21184295415878296
14,209,51,0.17059041559696198
15,196,27,-0.2241801619529724
16,199,27,0.1270325481891632
17,194,20,-0.2525312602519989
18,198,21,0.12651653587818146
19,196,20,-0.24309633672237396
20,198,21,0.10609016567468643
21,197,22,-0.22137722373008728
22,199,22,0.11597345769405365
23,229,127,-0.087758868932724
24,235,128,0.08762969076633453
25,228,170,-0.08289513736963272
26,233,169,0.0978228822350502
27,237,216,-0.07400856912136078
28,241,210,0.12664611637592316
29,244,221,-0.07556603103876114
30,248,217,0.12681488692760468
31,227,238,-0.14048387110233307
32,232,225,0.09168659150600433
0,216,55,-0.006898223888128996
1,218,52,-0.021397650241851807
2,218,52,-0.021387983113527298
3,218,52,-0.02135304920375347
4,219,52,0.004304495174437761
5,220,52,0.004291761666536331
6,220,52,0.004265930503606796
7,221,55,-0.06625715643167496
8,224,54,0.051450006663799286
9,216,58,-0.021551938727498055
10,217,58,0.011730830185115337
11,221,68,-0.13628384470939636
12,228,70,0.1127578392624855
13,202,51,-0.20829953253269196
14,209,51,0.17617234587669373
15,195,27,-0.21969687938690186
16,199,27,0.1476612538099289
17,192,19,-0.2469618320465088
18,197,21,0.1481335163116455
19,194,19,-0.2400037795305252
20,197,21,0.12977083027362823
21,195,21,-0.21779771149158478
22,198,23,0.13776156306266785
23,228,129,-0.08773836493492126
24,234,129,0.08760935068130493
25,227,171,-0.08407600224018097
26,232,170,0.10427223891019821
27,236,217,-0.0806020125746727
28,240,211,0.13205699622631073
29,241,223,-0.08397869765758514
30,246,218,0.1320611834526062
31,224,238,-0.15155525505542755
32,231,226,0.09616665542125702
0,215,56,-0.01350328978151083
1,217,53,-0.02765413373708725
2,217,53,-0.027650997042655945
3,217,53,-0.027610989287495613
4,218,53,-0.0012713808100670576
5,219,53,-0.00128658686298877
6,219,53,-0.001324523240327835
7,220,56,-0.07236883789300919
8,223,56,0.04665090888738632
9,215,59,-0.02815624512732029
10,216,59,0.0059199403040111065
11,220,70,-0.14074745774269104
12,227,73,0.10808361321687698
13,201,52,-0.22252120077610016
14,209,53,0.17671330273151398
15,193,28,-0.24345853924751282
16,198,30,0.1470692902803421
17,191,20,-0.27258536219596863
18,196,24,0.14780136942863464
19,193,20,-0.2640397548675537
20,197,22,0.12731899321079254
21,194,22,-0.2409798949956894
22,197,25,0.13640214502811432
23,226,130,-0.08746983110904694
24,232,131,0.08731469511985779
25,225,173,-0.07605665177106857
26,230,172,0.102049320936203
27,233,220,-0.06678961962461472
28,239,212,0.13615161180496216
29,239,225,-0.0683005303144455
30,245,219,0.13676629960536957
31,223,239,-0.13531669974327087
32,230,228,0.09823980182409286
0,214,57,-0.031136982142925262
1,216,54,-0.04491483420133591
2,217,54,-0.04491245001554489
3,217,54,-0.044872306287288666
4,217,54,-0.017744334414601326
5,218,54,-0.017756564542651176
6,219,54,-0.017788533121347427
7,219,56,-0.08724086731672287
8,223,56,0.03482411056756973
9,215,60,-0.04516162723302841
10,215,60,-0.009997542016208172
11,219,71,-0.15498822927474976
12,227,73,0.09909448027610779
13,201,53,-0.23842652142047882
14,208,53,0.15684774518013
15,193,27,-0.2616930305957794
16,197,28,0.10519872605800629
17,190,20,-0.293745219707489
18,195,21,0.10292678326368332
19,193,19,-0.28377100825309753
20,196,20,0.08042708784341812
21,193,22,-0.2590429186820984
22,196,23,0.09300873428583145
23,226,131,-0.08795156329870224
24,231,131,0.08778759837150574
25,225,174,-0.07186514139175415
26,230,173,0.10816007107496262
27,232,220,-0.055609531700611115
28,239,212,0.1447739452123642
29,238,225,-0.056248534470796585
30,245,219,0.14658387005329132
31,221,240,-0.1210889145731926
32,229,228,0.11427465081214905
0,213,58,-0.002160644857212901
1,215,54,-0.020376034080982208
2,215,55,-0.020336108282208443
3,215,55,-0.020280126482248306
4,217,55,0.005188038107007742
5,217,55,0.005172951612621546
6,218,56,0.005107089877128601
7,217,57,-0.08131588250398636
8,222,58,0.03846551477909088
9,213,62,-0.022556744515895844
10,214,62,0.01042303629219532
11,216,74,-0.14826248586177826
12,226,74,0.09982938319444656
13,198,56,-0.21929143369197845
14,210,57,0.16705013811588287
15,190,32,-0.23514285683631897
16,196,35,0.13897669315338135
17,188,25,-0.2633177936077118
18,195,27,0.13900895416736603
19,190,24,-0.2550797462463379
20,196,26,0.12198617309331894
21,191,26,-0.23281429708003998
22,195,28,0.1293504685163498
23,222,132,-0.08773666620254517
24,231,133,0.08755549043416977
25,222,177,-0.05970285087823868
26,229,176,0.1220160573720932
27,228,224,-0.05171474069356918
28,236,216,0.1797143518924713
29,234,230,-0.0527954138815403
30,241,223,0.18401390314102173
31,219,243,-0.1098940372467041
32,228,230,0.15320996940135956
0,212,64,0.055427443236112595
1,214,61,0.03433464840054512
2,214,61,0.03437963128089905
3,214,61,0.03445875644683838
4,216,61,0.05703604593873024
5,217,61,0.057010579854249954
6,217,61,0.05693747475743294
7,216,64,-0.037509869784116745
8,221,64,0.06499020755290985
9,212,67,0.032108381390571594
10,214,68,0.06131979450583458
11,215,78,-0.1293184608221054
12,225,84,0.10857116430997849
13,196,60,-0.22843438386917114
14,220,93,0.2063930630683899
15,189,36,-0.27180278301239014
16,210,88,0.24697661399841309
17,187,29,-0.3015926778316498
18,209,87,0.26005852222442627
19,189,28,-0.29294827580451965
20,208,86,0.2385164499282837
21,190,30,-0.2705783545970917
22,208,86,0.23890040814876556
23,220,139,-0.08720133453607559
24,231,140,0.0870123952627182
25,219,183,-0.08062613755464554
26,228,181,0.1356426179409027
27,226,231,-0.09112226963043213
28,236,221,0.1948295682668686
29,232,236,-0.09351963549852371
30,240,228,0.19979450106620789
31,216,251,-0.15650668740272522
32,229,234,0.1714494675397873
0,211,73,0.04321349784731865
1,213,70,0.02430116757750511
2,213,70,0.024338074028491974
3,212,70,0.024378590285778046
4,214,70,0.04909670352935791
5,214,70,0.049062877893447876
6,215,70,0.04901301488280296
7,215,73,-0.03908752650022507
8,219,73,0.07186576724052429
9,211,76,0.02285684458911419
10,212,76,0.054752957075834274
11,214,87,-0.12304030358791351
12,224,91,0.13396881520748138
13,195,67,-0.16313917934894562
14,210,83,0.2532307505607605
15,189,47,-0.10420218855142593
16,199,80,0.30316418409347534
17,187,40,-0.1141207218170166
18,198,74,0.31708431243896484
19,189,40,-0.1130799725651741
20,198,72,0.3023674488067627
21,190,43,-0.10138267278671265
22,198,83,0.29735592007637024
23,219,148,-0.09124528616666794
24,229,149,0.0911032110452652
25,218,192,-0.10862833261489868
26,225,189,0.1513037234544754
27,229,238,-0.15147361159324646
28,235,229,0.20525719225406647
29,235,246,-0.15704888105392456
30,240,236,0.2098749428987503
31,215,252,-0.22050581872463226
32,226,239,0.19397374987602234
0,210,80,0.06207692623138428
1,211,77,0.04257094860076904
2,211,77,0.04259752854704857
3,211,77,0.042609937489032745
4,212,77,0.06783536076545715
5,213,77,0.0677945539355278
6,214,77,0.06774979829788208
7,214,80,-0.025868766009807587
8,218,80,0.08737647533416748
9,210,84,0.039648886770009995
10,211,84,0.07204538583755493
11,212,94,-0.11135458946228027
12,223,97,0.15060265362262726
13,192,76,-0.12717920541763306
14,207,83,0.28052881360054016
15,188,56,-0.03275657445192337
16,196,67,0.350758820772171
17,187,51,-0.0349145270884037
18,195,61,0.3685338795185089
19,189,51,-0.036532409489154816
20,195,61,0.3568042814731598
21,190,53,-0.029634982347488403
22,195,65,0.34673622250556946
23,218,155,-0.09180086851119995
24,228,154,0.09165562689304352
25,216,198,-0.11346498876810074
26,223,194,0.1489955186843872
27,230,241,-0.15046316385269165
28,237,233,0.16849809885025024
29,237,249,-0.1544216275215149
30,242,240,0.1711212694644928
31,217,252,-0.2034960836172104
32,227,241,0.18068331480026245
0,210,81,0.045173827558755875
1,211,77,0.02564171515405178
2,211,77,0.025667821988463402
3,211,77,0.025685012340545654
4,213,77,0.05106157064437866
5,213,77,0.051027655601501465
6,214,77,0.050984326750040054
7,213,80,-0.030261682346463203
8,218,80,0.0778181329369545
9,210,84,0.023671433329582214
10,211,84,0.056302767246961594
11,212,96,-0.12897725403308868
12,223,99,0.13928456604480743
13,192,78,-0.15677759051322937
14,205,83,0.2469801902770996
15,189,58,-0.09253259748220444
16,194,63,0.289312481880188
17,187,52,-0.10332553833723068
18,192,59,0.3015190362930298
19,190,53,-0.102501779794693
20,192,58,0.28611716628074646
21,190,55,-0.08993539214134216
22,194,59,0.282742977142334
23,218,156,-0.09316563606262207
24,228,156,0.09301824122667313
25,215,199,-0.08155693858861923
26,222,196,0.14981621503829956
27,231,241,-0.06463925540447235
28,238,234,0.2028794139623642
29,239,248,-0.062620148062706
30,243,240,0.20837518572807312
31,217,253,-0.10020365566015244
32,228,243,0.1984311044216156
0,211,85,0.0633465051651001
1,212,82,0.03974410891532898
2,211,82,0.0397687666118145
3,211,82,0.039773814380168915
4,213,82,0.06339387595653534
5,214,82,0.06335212290287018
6,215,82,0.06332403421401978
7,212,85,-0.03649260848760605
8,218,85,0.07238279283046722
9,211,88,0.03777383640408516
10,212,89,0.06796912848949432
11,211,101,-0.12385208159685135
12,223,103,0.13494306802749634
13,189,86,-0.10251887142658234
14,205,94,0.2631041705608368
15,187,65,0.022615715861320496
16,196,69,0.3570137917995453
17,186,59,0.023296605795621872
18,194,65,0.37747177481651306
19,189,59,0.018601523712277412
20,194,66,0.36640119552612305
21,190,63,0.025219367817044258
22,195,67,0.3544199466705322
23,216,163,-0.09169209748506546
24,228,162,0.09149551391601562
25,213,203,-0.06014192849397659
26,222,199,0.1709812581539154
27,232,242,-0.05497167631983757
28,238,234,0.22248625755310059
29,239,248,-0.05240214243531227
30,243,239,0.22873163223266602
31,218,252,-0.07237114757299423
32,228,243,0.23149771988391876
