0,270,145,0.16259755194187164
1,269,142,0.17269958555698395
2,268,142,0.17265503108501434
3,268,142,0.17261239886283875
4,269,142,0.15120531618595123
5,269,142,0.15121673047542572
6,268,142,0.1511467546224594
7,264,143,0.19342432916164398
8,265,142,0.09790123999118805
9,268,147,0.17112264037132263
10,268,147,0.14300395548343658
11,249,156,0.23136526346206665
12,261,148,0.000936176220420748
13,254,173,0.2720305621623993
14,263,168,-0.08524163067340851
15,271,176,0.2711601257324219
16,280,180,-0.1356523185968399
17,278,175,0.28141912817955017
18,280,181,-0.15304820239543915
19,278,173,0.2671080231666565
20,282,179,-0.1386842429637909
21,281,172,0.26386910676956177
22,280,180,-0.1299305260181427
23,245,192,0.07244186103343964
24,253,188,-0.07242805510759354
25,246,218,0.03352385759353638
26,262,214,-0.07724656164646149
27,236,250,-0.036397650837898254
28,255,245,-0.1614534854888916
29,232,257,-0.04714411869645119
30,248,251,-0.16948138177394867
31,253,259,-0.08242487907409668
32,260,255,-0.2025788128376007
0,270,145,0.15416276454925537
1,270,143,0.1586146205663681
2,269,142,0.1585925817489624
3,269,142,0.1585540473461151
4,270,143,0.1402851641178131
5,270,142,0.14028531312942505
6,270,142,0.14019863307476044
7,265,142,0.15896600484848022
8,268,142,0.07760054618120193
9,269,147,0.15554651618003845
10,269,147,0.13138625025749207
11,249,152,0.18511620163917542
12,267,149,-0.014300859533250332
13,256,172,0.2643066644668579
14,265,170,-0.06472338736057281
15,268,176,0.33186548948287964
16,275,181,-0.05267692729830742
17,272,177,0.35213685035705566
18,279,182,-0.06014695763587952
19,273,175,0.34075629711151123
20,280,180,-0.053517453372478485
21,273,175,0.3280835449695587
22,278,180,-0.0489572174847126
23,245,190,0.06759392470121384
24,255,188,-0.06758468598127365
25,244,218,-0.002453360240906477
26,266,214,-0.08201386779546738
27,234,250,-0.059508584439754486
28,261,244,-0.14273150265216827
29,230,257,-0.0682491809129715
30,255,250,-0.14811284840106964
31,247,258,-0.10053525120019913
32,271,255,-0.17733722925186157
0,273,146,0.12792590260505676
1,273,143,0.13185934722423553
2,272,143,0.13185442984104156
3,272,143,0.13183434307575226
4,274,144,0.11326595395803452
5,274,143,0.1132580116391182
6,274,143,0.11319629848003387
7,269,142,0.13550226390361786
8,271,142,0.05224834010004997
9,271,147,0.13081231713294983
10,272,147,0.10623283684253693
11,251,151,0.16956569254398346
12,269,149,-0.02881525829434395
13,256,172,0.25602036714553833
14,268,171,-0.035081543028354645
15,268,176,0.3316040337085724
16,276,178,0.03729074448347092
17,273,177,0.3528127372264862
18,279,179,0.0385233499109745
19,274,175,0.342748761177063
20,280,177,0.04241196811199188
21,275,175,0.32850974798202515
22,278,176,0.04180562123656273
23,245,189,0.06518983095884323
24,256,188,-0.06519462913274765
25,243,217,0.011950526386499405
26,269,213,-0.07015307992696762
27,233,250,-0.030472282320261
28,265,246,-0.12215473502874374
29,228,257,-0.036203764379024506
30,260,252,-0.1271597295999527
31,244,258,-0.05880767107009888
32,277,255,-0.15168163180351257
0,274,146,0.11692452430725098
1,274,143,0.12336397916078568
2,273,143,0.1233513355255127
3,273,143,0.12333368510007858
4,275,143,0.10496728122234344
5,275,143,0.1049516499042511
6,275,143,0.10489411652088165
7,270,142,0.13786426186561584
8,273,142,0.05503753572702408
9,272,147,0.1235349178314209
10,273,147,0.09915667027235031
11,254,151,0.1736239194869995
12,270,149,-0.025600498542189598
13,258,172,0.2403564602136612
14,269,171,-0.05479659140110016
15,269,176,0.2950955331325531
16,277,177,-0.028318071737885475
17,273,178,0.3123442530632019
18,281,177,-0.033603571355342865
19,275,176,0.3027856647968292
20,281,175,-0.02764859050512314
21,273,176,0.29200148582458496
22,280,175,-0.024278538301587105
23,247,189,0.06327401846647263
24,258,188,-0.06327170878648758
25,243,217,0.015291568823158741
26,271,213,-0.06931747496128082
27,232,250,-0.030474117025732994
28,268,248,-0.12230411171913147
29,228,256,-0.03713446483016014
30,265,254,-0.12768271565437317
31,244,258,-0.06219426542520523
32,283,255,-0.15371011197566986
0,278,146,0.09520310908555984
1,277,143,0.10149689018726349
2,277,143,0.10149195045232773
3,276,143,0.10147682577371597
4,278,143,0.08349952101707458
5,278,143,0.08347928524017334
6,278,143,0.08342596888542175
7,273,142,0.11957613378763199
8,275,142,0.03805849328637123
9,275,147,0.10320717841386795
10,276,147,0.07921852171421051
11,257,151,0.1611410677433014
12,272,150,-0.03766459599137306
13,259,171,0.2310638427734375
14,271,171,-0.08155498653650284
15,272,176,0.28441697359085083
16,280,177,-0.05639563128352165
17,274,177,0.3008264899253845
18,284,177,-0.06772303581237793
19,277,176,0.29027873277664185
20,284,175,-0.05707191675901413
21,274,176,0.2806820571422577
22,283,175,-0.05048646405339241
23,249,189,0.06364695727825165
24,259,189,-0.06361254304647446
25,243,218,0.007059153169393539
26,274,213,-0.05075402557849884
27,232,250,-0.03633800894021988
28,274,249,-0.07174436002969742
29,228,256,-0.04070443660020828
30,271,256,-0.07432972639799118
31,244,258,-0.06433099508285522
32,288,255,-0.0975765585899353
0,281,145,0.08593466132879257
1,281,143,0.09294696152210236
2,280,142,0.09293925017118454
3,280,142,0.09292798489332199
4,282,143,0.07474473863840103
5,282,143,0.07472154498100281
6,282,143,0.07467083632946014
7,277,141,0.11355607956647873
8,279,142,0.03110455721616745
9,279,146,0.094691202044487
10,279,146,0.07050769776105881
11,260,149,0.15771964192390442
12,274,150,-0.04268104210495949
13,259,169,0.22133101522922516
14,272,171,-0.09438543021678925
15,272,176,0.2684706151485443
16,283,176,-0.08409290760755539
17,274,178,0.2835388779640198
18,286,176,-0.09210947901010513
19,277,177,0.2723020911216736
20,286,175,-0.08342412859201431
21,275,176,0.2641104459762573
22,285,174,-0.07943888008594513
23,251,189,0.06349869072437286
24,261,189,-0.06344518810510635
25,245,218,0.0037347236648201942
26,276,213,-0.05822692811489105
27,232,249,-0.03643178194761276
28,276,250,-0.08617521077394485
29,228,255,-0.04199917986989021
30,273,257,-0.08974070847034454
31,244,258,-0.06920790672302246
32,290,255,-0.1173863485455513
0,283,145,0.07987125217914581
1,283,143,0.08686784654855728
2,282,142,0.08685934543609619
3,282,142,0.086848184466362
4,284,143,0.06908753514289856
5,284,143,0.06906422227621078
6,284,142,0.06901320070028305
7,279,141,0.11048249155282974
8,281,142,0.02959688939154148
9,281,146,0.08995074778795242
10,282,146,0.06618606299161911
11,262,149,0.15793243050575256
12,277,149,-0.04051794856786728
13,263,169,0.23114456236362457
14,274,170,-0.11253242194652557
15,276,175,0.28430551290512085
16,286,175,-0.1404557079076767
17,278,177,0.3025444746017456
18,288,176,-0.15294650197029114
19,281,176,0.2890244126319885
20,289,175,-0.14185525476932526
21,280,175,0.2801032066345215
22,288,174,-0.1358167827129364
23,254,189,0.0628724917769432
24,263,189,-0.06281324476003647
25,249,218,0.005045812577009201
26,280,214,-0.06177106872200966
27,232,248,-0.03425341472029686
28,277,250,-0.08690884709358215
29,228,254,-0.039830949157476425
30,274,256,-0.08991692960262299
31,244,258,-0.06949663162231445
32,290,255,-0.11770730465650558
0,286,144,0.08188004046678543
1,285,141,0.08908073604106903
2,285,141,0.08906698226928711
3,284,141,0.0890585258603096
4,286,141,0.07015698403120041
5,286,141,0.07013814151287079
6,286,141,0.07007428258657455
7,282,140,0.11453885585069656
8,283,140,0.028671424835920334
9,284,145,0.09262650460004807
10,284,145,0.0674763098359108
11,266,149,0.16323350369930267
12,279,148,-0.0438653901219368
13,265,170,0.22020165622234344
14,277,169,-0.1146760955452919
15,281,176,0.24344828724861145
16,290,175,-0.13960027694702148
17,283,178,0.2548787295818329
18,293,177,-0.15398582816123962
19,287,176,0.23920312523841858
20,294,175,-0.1418066769838333
21,286,175,0.23646624386310577
22,293,174,-0.1345617175102234
23,259,189,0.06296486407518387
24,266,188,-0.06288974732160568
25,255,217,-0.004189253319054842
26,281,213,-0.06941037625074387
27,233,246,-0.04965110495686531
28,278,250,-0.10289601236581802
29,229,250,-0.05642319843173027
30,274,256,-0.10727551579475403
31,243,258,-0.09366868436336517
32,290,256,-0.13562053442001343
0,288,142,0.09254785627126694
1,287,140,0.09908711165189743
2,286,139,0.09907254576683044
3,286,139,0.09906284511089325
4,288,140,0.07991313934326172
5,288,140,0.079894058406353
6,288,139,0.07982474565505981
7,283,139,0.12052600830793381
8,286,139,0.03368232026696205
9,286,144,0.10179757326841354
10,287,144,0.07638918608427048
11,269,150,0.16445447504520416
12,282,147,-0.042375799268484116
13,268,170,0.20681250095367432
14,280,168,-0.116385318338871
15,283,178,0.21254496276378632
16,295,175,-0.1473250389099121
17,285,180,0.2209523320198059
18,297,177,-0.16283643245697021
19,288,178,0.20589253306388855
20,299,175,-0.15006181597709656
21,288,178,0.20513969659805298
22,297,174,-0.1423322856426239
23,263,189,0.06273794919252396
24,270,188,-0.06268627196550369
25,259,216,0.0027519564609974623
26,282,213,-0.08069638907909393
27,238,242,-0.03770432621240616
28,278,249,-0.13260486721992493
29,233,245,-0.04442201182246208
30,274,256,-0.13952311873435974
31,241,258,-0.08095665276050568
32,290,256,-0.18071101605892181
0,289,142,0.10351510345935822
1,288,139,0.10679042339324951
2,288,139,0.10680448263883591
3,287,139,0.10683492571115494
4,289,139,0.08768753707408905
5,290,139,0.0876532569527626
6,290,139,0.08757444471120834
7,284,138,0.12676605582237244
8,288,139,0.040212761610746384
9,287,143,0.10320493578910828
10,288,143,0.07803410291671753
11,271,149,0.1625138372182846
12,284,147,-0.039170801639556885
13,269,171,0.1960846334695816
14,282,167,-0.10558514297008514
15,280,181,0.19932787120342255
16,296,174,-0.13381943106651306
17,284,185,0.20706912875175476
18,300,176,-0.15795885026454926
19,287,183,0.1965399831533432
20,301,175,-0.14111390709877014
21,287,182,0.19375211000442505
22,299,174,-0.12834012508392334
23,265,189,0.06257107853889465
24,274,188,-0.06258568167686462
25,265,215,0.054415736347436905
26,283,213,-0.07336732745170593
27,244,238,0.010359136387705803
28,278,249,-0.13365650177001953
29,239,239,0.0036407848820090294
30,274,256,-0.14120317995548248
31,242,251,-0.022312868386507034
32,290,256,-0.18111753463745117
0,291,142,0.09063828736543655
1,291,139,0.09673604369163513
2,290,139,0.09672926366329193
3,290,139,0.09674172103404999
4,292,140,0.07705971598625183
5,292,139,0.07704024016857147
6,292,139,0.07698342949151993
7,287,138,0.11146929860115051
8,290,139,0.021695636212825775
9,290,143,0.09627605974674225
10,290,143,0.07010863721370697
11,271,149,0.13946524262428284
12,287,147,-0.05067913606762886
13,267,170,0.1552085131406784
14,286,167,-0.10994905978441238
15,266,186,0.14781706035137177
16,299,174,-0.12100875377655029
17,265,191,0.15313686430454254
18,302,176,-0.1378827542066574
19,267,191,0.1451924741268158
20,303,175,-0.12461218982934952
21,268,189,0.143514484167099
22,302,174,-0.1159796491265297
23,265,188,0.06259627640247345
24,277,187,-0.06267949193716049
25,269,214,0.08918091654777527
26,284,213,-0.0730033740401268
27,250,236,0.037967342883348465
28,278,249,-0.14933307468891144
29,246,239,0.03060651384294033
30,274,256,-0.15766026079654694
31,250,251,0.0030023381114006042
32,290,256,-0.1985655128955841
0,294,141,0.093632772564888
1,293,138,0.09916418790817261
2,293,138,0.09915249049663544
3,292,138,0.09916215389966965
4,294,139,0.08017696440219879
5,294,139,0.08015914261341095
6,295,138,0.08008014410734177
7,289,137,0.10927262902259827
8,293,138,0.023505903780460358
9,292,142,0.09854409843683243
10,293,142,0.07336506247520447
11,273,149,0.13489384949207306
12,290,146,-0.050725288689136505
13,267,169,0.14259810745716095
14,289,167,-0.10460435599088669
15,265,186,0.12853661179542542
16,301,174,-0.0903366208076477
17,264,192,0.13211746513843536
18,304,176,-0.09885813295841217
19,266,192,0.12555092573165894
20,305,175,-0.09203098714351654
21,267,190,0.12427591532468796
22,304,174,-0.08632151037454605
23,269,186,0.06317562609910965
24,280,186,-0.06332913041114807
25,276,211,0.09427425265312195
26,285,214,-0.10254845768213272
27,259,232,0.1069273054599762
28,278,249,-0.16032595932483673
29,253,237,0.10581553727388382
30,273,255,-0.16717034578323364
31,267,241,0.08600126206874847
32,289,257,-0.21408745646476746
0,297,140,0.08705881983041763
1,296,137,0.09181055426597595
2,296,137,0.09179766476154327
3,296,137,0.09181386977434158
4,297,138,0.07399437576532364
5,297,137,0.07398508489131927
6,297,137,0.07390627264976501
7,292,136,0.10055931657552719
8,295,137,0.0198131762444973
9,295,141,0.09158304333686829
10,296,141,0.0678587555885315
11,275,148,0.12575072050094604
12,292,146,-0.050486695021390915
13,267,166,0.13381369411945343
14,291,165,-0.09965956211090088
15,265,185,0.12134923040866852
16,303,175,-0.08981992304325104
17,264,190,0.12417761236429214
18,305,177,-0.0984424501657486
19,266,190,0.11738525331020355
20,306,175,-0.09251334518194199
21,267,188,0.11708962917327881
22,305,175,-0.08615200966596603
23,272,184,0.06347247213125229
24,281,184,-0.06365560740232468
25,277,210,0.08500967174768448
26,285,214,-0.10824335366487503
27,264,236,0.1181359738111496
28,277,249,-0.1476937085390091
29,258,240,0.11899721622467041
30,273,255,-0.1534116417169571
31,269,245,0.09643589705228806
32,290,256,-0.19740022718906403
0,298,138,0.09451407194137573
1,297,136,0.09668339043855667
2,297,135,0.09666551649570465
3,296,135,0.09666715562343597
4,298,136,0.0753166601061821
5,298,136,0.07532663643360138
6,299,136,0.07522673159837723
7,293,135,0.10456971824169159
8,297,135,0.026380669325590134
9,296,139,0.0980585590004921
10,297,139,0.06875259429216385
11,277,147,0.1292261928319931
12,295,145,-0.04978025332093239
13,266,164,0.13657993078231812
14,293,165,-0.09423089027404785
15,267,183,0.1225200816988945
16,303,175,-0.09035541117191315
17,267,188,0.12536343932151794
18,305,177,-0.09886481612920761
19,270,188,0.11815716326236725
20,306,176,-0.09249963611364365
21,270,188,0.11793923377990723
22,305,175,-0.08659318834543228
23,274,182,0.0659606009721756
24,284,182,-0.06611605733633041
25,279,209,0.09830216318368912
26,285,213,-0.11233492195606232
27,272,237,0.13837964832782745
28,277,249,-0.14841938018798828
29,267,242,0.13984303176403046
30,272,254,-0.15301957726478577
31,280,246,0.12370210886001587
32,289,256,-0.19591203331947327
0,301,138,0.08736078441143036
1,300,136,0.08876250684261322
2,299,135,0.08874586224555969
3,299,135,0.08874227851629257
4,301,136,0.07138390839099884
5,301,136,0.07138068228960037
6,301,136,0.07130241394042969
7,296,135,0.09005502611398697
8,300,135,0.01490333117544651
9,299,139,0.08953434973955154
10,300,139,0.06649737060070038
11,279,146,0.12028230726718903
12,298,145,-0.059722743928432465
13,267,163,0.13383466005325317
14,295,164,-0.09094368666410446
15,269,180,0.11831534653902054
16,305,175,-0.07283935695886612
17,269,187,0.12111516296863556
18,307,178,-0.07929234206676483
19,270,187,0.11305594444274902
20,307,176,-0.07526984810829163
21,270,185,0.11349473893642426
22,306,175,-0.06954769790172577
23,276,181,0.06832505762577057
24,286,182,-0.06846772134304047
25,286,206,0.12499647587537766
26,286,213,-0.10823899507522583
27,282,228,0.18408973515033722
28,276,248,-0.14499711990356445
29,278,232,0.1877431571483612
30,272,253,-0.14983130991458893
31,294,237,0.17918948829174042
32,288,256,-0.19163483381271362
0,303,139,0.0929558202624321
1,302,136,0.09295736998319626
2,301,136,0.09295113384723663
3,301,136,0.09297593683004379
4,303,136,0.07431282103061676
5,303,136,0.07432625442743301
6,304,136,0.07426600158214569
7,298,135,0.09993784874677658
8,302,136,0.019530214369297028
9,300,140,0.09359084814786911
10,302,140,0.07208102196455002
11,281,146,0.12757636606693268
12,300,145,-0.056963931769132614
13,269,162,0.15314586460590363
14,298,164,-0.06452763825654984
15,277,172,0.15191732347011566
16,305,175,-0.032795537263154984
17,279,175,0.1574634462594986
18,307,178,-0.035985786467790604
19,281,175,0.14477697014808655
20,307,177,-0.032491084188222885
21,281,174,0.14550204575061798
22,306,175,-0.0294150672852993
23,278,181,0.06800280511379242
24,287,182,-0.0681237205862999
25,285,207,0.10631752014160156
26,288,213,-0.11441085487604141
27,282,232,0.14672712981700897
28,278,247,-0.1522613763809204
29,278,236,0.14827266335487366
30,273,252,-0.15634654462337494
31,292,242,0.1372968554496765
32,289,255,-0.19400718808174133
0,304,139,0.13426749408245087
1,304,137,0.13739843666553497
2,303,136,0.13737332820892334
3,302,136,0.1373586654663086
4,305,137,0.12070934474468231
5,305,137,0.12070269882678986
6,306,137,0.12063020467758179
7,300,135,0.13999579846858978
8,304,136,0.06626906245946884
9,302,140,0.13604313135147095
10,303,140,0.11449941247701645
11,283,146,0.16102129220962524
12,303,146,-0.017426732927560806
13,272,162,0.18771900236606598
14,300,165,-0.07351325452327728
15,282,171,0.20155084133148193
16,305,176,-0.09812893718481064
17,283,174,0.2090935856103897
18,307,180,-0.11008760333061218
19,286,173,0.20002414286136627
20,307,179,-0.1021600142121315
21,286,172,0.19712136685848236
22,306,178,-0.09489519894123077
23,280,181,0.06741473823785782
24,290,182,-0.06748230755329132
25,288,208,0.034867171198129654
26,292,213,-0.1258891075849533
27,284,238,0.006052167154848576
28,282,246,-0.1983441561460495
29,279,244,-0.0011257138103246689
30,277,251,-0.2074282169342041
31,294,246,-0.03004680760204792
32,294,255,-0.2551332116127014
0,305,139,0.17613406479358673
1,304,137,0.17968757450580597
2,304,136,0.17967377603054047
3,303,136,0.17967358231544495
4,306,137,0.16323956847190857
5,307,137,0.1632303148508072
6,307,137,0.1631711721420288
7,301,135,0.17886486649513245
8,306,137,0.1056063249707222
9,303,140,0.1765710562467575
10,305,140,0.15501189231872559
11,284,146,0.1916777789592743
12,306,146,0.011733246967196465
13,274,163,0.1858251839876175
14,303,165,-0.06999038904905319
15,279,175,0.16595931351184845
16,306,179,-0.12142254412174225
17,280,180,0.16745300590991974
18,307,183,-0.13851793110370636
19,282,180,0.16009682416915894
20,306,184,-0.12829804420471191
21,283,178,0.16123314201831818
22,306,182,-0.11774248629808426
23,281,182,0.0673280656337738
24,293,182,-0.06738381087779999
25,291,209,0.060258809477090836
26,295,213,-0.12413347512483597
27,292,238,0.043018974363803864
28,282,246,-0.20720337331295013
29,290,244,0.03844355791807175
30,275,251,-0.218340665102005
31,306,244,0.014680721797049046
32,293,255,-0.269883394241333
0,307,140,0.1481807976961136
1,306,137,0.14825262129306793
2,305,137,0.1482299268245697
3,304,137,0.1482280045747757
4,308,138,0.13356277346611023
5,308,138,0.133555069565773
6,309,138,0.13348042964935303
7,302,137,0.17527441680431366
8,308,137,0.07434948533773422
9,305,141,0.1464371234178543
10,307,141,0.12733414769172668
11,286,146,0.14680853486061096
12,309,148,-0.011176198720932007
13,277,164,0.1486012488603592
14,307,168,-0.024070974439382553
15,281,175,0.14733266830444336
16,306,181,0.03504528850317001
17,282,180,0.15031877160072327
18,306,185,0.03729161620140076
19,285,181,0.14654062688350677
20,306,184,0.03989822044968605
21,285,178,0.14414049685001373
22,305,183,0.03839392587542534
23,284,182,0.06695108860731125
24,295,184,-0.06702496111392975
25,295,209,0.06622921675443649
26,294,214,-0.11948869377374649
27,302,238,0.07017114013433456
28,282,246,-0.16706401109695435
29,299,242,0.06792019307613373
30,274,251,-0.17367449402809143
31,313,244,0.05671439692378044
32,292,255,-0.20999960601329803
0,310,141,0.18812741339206696
1,309,138,0.18768616020679474
2,308,138,0.18767456710338593
3,307,138,0.18768265843391418
4,311,139,0.17492066323757172
5,311,139,0.17492055892944336
6,312,139,0.17485833168029785
7,305,138,0.17203488945960999
8,311,139,0.11356949806213379
9,308,141,0.1825283020734787
10,310,142,0.16607697308063507
11,289,148,0.16677331924438477
12,311,150,0.024350369349122047
13,279,166,0.15038557350635529
14,308,171,0.0077546127140522
15,283,178,0.15375463664531708
16,309,186,0.046162500977516174
17,282,183,0.16266991198062897
18,309,190,0.04502911493182182
19,285,183,0.15053170919418335
20,308,189,0.048587143421173096
21,286,182,0.14586056768894196
22,307,188,0.04937878996133804
