0,207,138,-0.15617044270038605
1,206,136,-0.14358051121234894
2,207,136,-0.14358924329280853
3,207,136,-0.1435895413160324
4,204,136,-0.1482536643743515
5,203,136,-0.14828896522521973
6,202,136,-0.1483437567949295
7,206,137,-0.06140404939651489
8,199,138,-0.0838533565402031
9,207,140,-0.12422926723957062
10,205,141,-0.13079304993152618
11,217,151,-0.002644421998411417
12,189,151,-0.0690477266907692
13,223,169,-0.04058283939957619
14,181,167,-0.1698441356420517
15,230,180,-0.1613893061876297
16,197,160,-0.2843613922595978
17,234,184,-0.18756887316703796
18,202,157,-0.3146193027496338
19,234,184,-0.20164935290813446
20,203,155,-0.31046101450920105
21,232,182,-0.17076586186885834
22,201,156,-0.28435397148132324
23,214,194,0.021218208596110344
24,197,194,-0.021157387644052505
25,223,222,-0.019339842721819878
26,191,222,-0.07582879811525345
27,222,251,0.07220344990491867
28,184,255,-0.004983752034604549
29,218,257,0.07647809386253357
30,186,260,-0.0020029363222420216
31,234,263,0.0016722336877137423
32,183,264,-0.08877401053905487
0,208,137,-0.1570330709218979
1,207,136,-0.14402274787425995
2,207,136,-0.14403772354125977
3,208,136,-0.14404551684856415
4,205,136,-0.14835181832313538
5,204,136,-0.14838311076164246
6,203,136,-0.1484338492155075
7,207,137,-0.061348531395196915
8,200,138,-0.0806882381439209
9,208,140,-0.12498540431261063
10,206,140,-0.13088391721248627
11,217,151,-0.002108081476762891
12,190,151,-0.06606971472501755
13,223,169,-0.06361033767461777
14,182,167,-0.16605664789676666
15,227,174,-0.21944420039653778
16,198,159,-0.2843051552772522
17,229,175,-0.25160714983940125
18,204,156,-0.31484735012054443
19,230,175,-0.26065793633461
20,205,154,-0.3103627562522888
21,228,173,-0.22783026099205017
22,203,155,-0.284198522567749
23,213,194,0.022063573822379112
24,196,194,-0.02200547233223915
25,223,222,-0.004486409015953541
26,191,223,-0.0587138868868351
27,222,251,0.09263300895690918
28,184,255,0.023103125393390656
29,218,257,0.09757264703512192
30,186,259,0.027052273973822594
31,236,263,0.024741163477301598
32,183,264,-0.057669296860694885
0,208,138,-0.17423400282859802
1,209,136,-0.1624470353126526
2,210,136,-0.16247233748435974
3,210,137,-0.1624988168478012
4,206,136,-0.16627320647239685
5,205,137,-0.16630512475967407
6,204,137,-0.166356161236763
7,211,138,-0.07670678198337555
8,202,138,-0.09439742565155029
9,209,141,-0.14052796363830566
10,206,141,-0.14574633538722992
11,219,152,-0.00281592458486557
12,192,150,-0.07228715717792511
13,224,170,-0.060177549719810486
14,184,167,-0.16629023849964142
15,227,172,-0.21577605605125427
16,199,159,-0.294492244720459
17,229,173,-0.24668048322200775
18,204,156,-0.3260014057159424
19,230,171,-0.25553083419799805
20,205,154,-0.32261162996292114
21,228,171,-0.2239631563425064
22,203,155,-0.2950338125228882
23,213,194,0.027477778494358063
24,197,194,-0.027440384030342102
25,224,222,-0.006381975021213293
26,191,223,-0.06902716308832169
27,223,252,0.08753594011068344
28,183,255,0.014704152010381222
29,218,257,0.09211011230945587
30,182,261,0.019325193017721176
31,236,263,0.01975400559604168
32,183,265,-0.07081984728574753
0,210,146,-0.1543957144021988
1,211,144,-0.14545783400535583
2,212,144,-0.14547909796237946
3,213,144,-0.14553652703762054
4,209,144,-0.14799152314662933
5,207,144,-0.14800137281417847
6,207,143,-0.1480402946472168
7,214,143,-0.06774023175239563
8,205,143,-0.08011199533939362
9,212,147,-0.122411347925663
10,208,147,-0.12648139894008636
11,221,153,0.004810911137610674
12,194,151,-0.046368278563022614
13,226,172,-0.044939156621694565
14,185,167,-0.12856034934520721
15,224,164,-0.1525573581457138
16,199,158,-0.235133558511734
17,225,164,-0.1714198738336563
18,203,155,-0.2573769688606262
19,222,159,-0.16695688664913177
20,204,153,-0.25072959065437317
21,222,161,-0.15310746431350708
22,203,155,-0.23401938378810883
23,213,194,0.02111957222223282
24,197,194,-0.021085524931550026
25,225,222,-0.041951220482587814
26,191,223,-0.08570891618728638
27,223,252,0.02386113442480564
28,184,255,-0.003577764378860593
29,218,257,0.026400089263916016
30,186,259,0.0015745795099064708
31,236,264,-0.042589928954839706
32,183,265,-0.07293257862329483
0,214,144,-0.16482049226760864
1,215,142,-0.15386860072612762
2,216,142,-0.15391667187213898
3,217,142,-0.15397582948207855
4,214,142,-0.1601644903421402
5,213,142,-0.16017548739910126
6,212,141,-0.16022267937660217
7,217,142,-0.07082855701446533
8,210,142,-0.10005531460046768
9,215,145,-0.1313958317041397
10,213,145,-0.14016617834568024
11,222,153,0.00033050274942070246
12,196,151,-0.07009647786617279
13,226,171,-0.04516369849443436
14,187,167,-0.16490481793880463
15,225,169,-0.1826338768005371
16,200,160,-0.3038528561592102
17,226,170,-0.21073532104492188
18,204,158,-0.3353591561317444
19,226,168,-0.21939954161643982
20,204,155,-0.333597868680954
21,226,168,-0.19023452699184418
22,203,157,-0.305820494890213
23,213,194,0.024174602702260017
24,197,194,-0.02412928082048893
25,225,222,-0.031163616105914116
26,191,224,-0.054305609315633774
27,223,252,0.0454583466053009
28,184,255,0.040700383484363556
29,218,257,0.04794958233833313
30,186,258,0.045990027487277985
31,236,264,-0.021864788606762886
32,183,265,-0.03742791712284088
0,217,143,-0.1332256942987442
1,217,142,-0.12748070061206818
2,217,141,-0.12753161787986755
3,217,141,-0.1275995373725891
4,217,141,-0.1351267695426941
5,216,141,-0.1351536363363266
6,216,141,-0.1352253556251526
7,216,141,-0.07070650160312653
8,215,141,-0.0993916466832161
9,216,145,-0.10893445461988449
10,216,145,-0.11897677183151245
11,223,153,-0.0049535552971065044
12,199,150,-0.07823122292757034
13,226,171,-0.0322955846786499
14,190,167,-0.1519891321659088
15,226,171,-0.14870859682559967
16,201,161,-0.2595321238040924
17,227,173,-0.17108282446861267
18,205,159,-0.28482502698898315
19,227,171,-0.18301916122436523
20,206,157,-0.28749752044677734
21,227,171,-0.15709200501441956
22,205,158,-0.2628703713417053
23,212,194,0.031218815594911575
24,200,194,-0.03120817430317402
25,225,221,-0.0529419407248497
26,191,221,-0.051905788481235504
27,221,253,0.0011124223237857223
28,186,250,0.040763191878795624
29,216,258,0.0023156926035881042
30,186,254,0.04624059796333313
31,235,265,-0.06597276777029037
32,188,259,-0.022076578810811043
0,220,142,-0.17446696758270264
1,220,139,-0.1629469245672226
2,221,139,-0.1629759967327118
3,222,139,-0.16301298141479492
4,218,139,-0.16608871519565582
5,217,139,-0.1661074161529541
6,216,139,-0.16613885760307312
7,222,140,-0.08249863982200623
8,214,140,-0.09868713468313217
9,221,144,-0.14292789995670319
10,218,144,-0.14727193117141724
11,227,154,-0.01723455637693405
12,201,150,-0.07267121970653534
13,230,172,-0.09612312912940979
14,189,167,-0.1521003693342209
15,226,167,-0.2547140121459961
16,203,161,-0.263396292924881
17,225,164,-0.2861035466194153
18,207,160,-0.29204535484313965
19,225,162,-0.2826434373855591
20,208,157,-0.29422271251678467
21,225,163,-0.2577064037322998
22,207,158,-0.2671375572681427
23,213,195,0.02770872414112091
24,199,194,-0.027773628011345863
25,225,222,-0.03970930352807045
26,190,223,-0.06439275294542313
27,221,254,0.03480524942278862
28,181,255,0.011358287185430527
29,216,260,0.03752903267741203
30,180,259,0.014374613761901855
31,234,266,-0.03535761684179306
32,184,265,-0.07201483845710754
0,223,141,-0.19166313111782074
1,223,138,-0.17982438206672668
2,224,138,-0.17985747754573822
3,225,138,-0.1798941045999527
4,221,138,-0.1858726590871811
5,220,138,-0.18590225279331207
6,219,138,-0.18593119084835052
7,224,139,-0.09796899557113647
8,216,139,-0.1251090168952942
9,224,144,-0.15953734517097473
10,220,144,-0.16744007170200348
11,229,155,-0.028376363217830658
12,203,150,-0.09320729225873947
13,231,176,-0.09775463491678238
14,189,169,-0.1732156127691269
15,226,169,-0.26042670011520386
16,205,164,-0.2984212040901184
17,226,169,-0.29192662239074707
18,210,162,-0.32793667912483215
19,226,166,-0.291230708360672
20,212,159,-0.3251780569553375
21,226,166,-0.26471516489982605
22,210,160,-0.2990206480026245
23,214,196,0.027163702994585037
24,199,195,-0.02719779685139656
25,225,222,-0.062383849173784256
26,190,223,-0.1147698238492012
27,221,256,-0.00434654438868165
28,180,255,-0.04756246879696846
29,215,261,-0.003394688945263624
30,177,260,-0.0453672856092453
31,234,266,-0.08020477741956711
32,181,265,-0.13492019474506378
0,226,141,-0.19029197096824646
1,226,137,-0.17815956473350525
2,226,137,-0.1781948208808899
3,227,137,-0.17823022603988647
4,223,138,-0.18427824974060059
5,222,138,-0.18430891633033752
6,221,138,-0.18433648347854614
7,226,139,-0.09815490245819092
8,218,139,-0.1252191662788391
9,226,144,-0.15919427573680878
10,223,144,-0.1671057492494583
11,231,156,-0.036830369383096695
12,205,150,-0.09553816169500351
13,231,177,-0.10657617449760437
14,191,170,-0.17415477335453033
15,226,170,-0.26583659648895264
16,207,167,-0.2967059314250946
17,225,170,-0.29864105582237244
18,212,167,-0.32622280716896057
19,226,167,-0.2976388931274414
20,213,163,-0.3238709270954132
21,224,167,-0.270073264837265
22,212,163,-0.2974540591239929
23,216,197,0.025560840964317322
24,200,195,-0.02561107836663723
25,225,223,-0.06952572613954544
26,191,223,-0.12216205894947052
27,220,257,-0.003800754901021719
28,180,256,-0.0472545400261879
29,215,263,-0.0019654168281704187
30,179,261,-0.04415985569357872
31,234,266,-0.07790279388427734
32,181,266,-0.13171689212322235
0,229,141,-0.16612039506435394
1,229,137,-0.1531810611486435
2,229,137,-0.15322735905647278
3,229,137,-0.15326529741287231
4,227,137,-0.16560649871826172
5,226,137,-0.16563493013381958
6,225,138,-0.1656813621520996
7,227,139,-0.07822050154209137
8,221,139,-0.11845008283853531
9,229,143,-0.13742928206920624
10,227,144,-0.15677772462368011
11,232,157,-0.02912692353129387
12,207,151,-0.09525955468416214
13,231,180,-0.07395671308040619
14,193,171,-0.16255031526088715
15,228,173,-0.23296451568603516
16,207,174,-0.2621482014656067
17,226,172,-0.26268884539604187
18,211,176,-0.2876666188240051
19,227,168,-0.2664599120616913
20,214,173,-0.28936418890953064
21,226,169,-0.23865175247192383
22,212,172,-0.26374155282974243
23,217,198,0.027637360617518425
24,202,196,-0.02764524146914482
25,225,223,-0.07423433661460876
26,191,224,-0.10445333272218704
27,219,257,-0.02537856064736843
28,181,257,-0.02721100114285946
29,214,263,-0.024730630218982697
30,180,263,-0.02267465926706791
31,234,266,-0.09962472319602966
32,182,266,-0.10942629724740982
0,232,141,-0.16195040941238403
1,231,138,-0.14767277240753174
2,231,138,-0.14772745966911316
3,231,138,-0.14777158200740814
4,230,138,-0.16424337029457092
5,229,138,-0.16428202390670776
6,228,138,-0.16434024274349213
7,229,139,-0.06395912915468216
8,224,139,-0.126304492354393
9,231,144,-0.12937894463539124
10,229,144,-0.15414270758628845
11,232,156,0.012758099474012852
12,210,152,-0.11529744416475296
13,230,178,0.013311270624399185
14,196,171,-0.15424104034900665
15,228,180,-0.11939332634210587
16,212,180,-0.2078501582145691
17,228,182,-0.14513415098190308
18,216,184,-0.23034609854221344
19,231,180,-0.16032840311527252
20,219,180,-0.23371480405330658
21,230,179,-0.1303609162569046
22,218,180,-0.20862475037574768
23,218,198,0.04154002666473389
24,204,196,-0.041468311101198196
25,225,223,-0.02489006519317627
26,197,222,-0.08261418342590332
27,217,257,0.036921221762895584
28,190,250,0.012216370552778244
29,212,263,0.038589686155319214
30,187,254,0.01777499169111252
31,232,266,-0.02616290934383869
32,197,261,-0.056499775499105453
0,233,142,-0.1869947761297226
1,233,139,-0.1737276315689087
2,233,139,-0.17375847697257996
3,233,139,-0.1737777292728424
4,231,139,-0.19063779711723328
5,231,139,-0.19069227576255798
6,230,138,-0.19074736535549164
7,231,139,-0.09264969825744629
8,226,139,-0.16632655262947083
9,233,144,-0.15449126064777374
10,231,144,-0.17663049697875977
11,233,156,0.0027354753110557795
12,212,152,-0.15827547013759613
13,228,178,0.04403430595993996
14,199,173,-0.16701297461986542
15,227,184,-0.027980415150523186
16,213,185,-0.19281788170337677
17,228,189,-0.040941689163446426
18,216,189,-0.21336312592029572
19,230,188,-0.05959414318203926
20,219,186,-0.21624454855918884
21,230,185,-0.03881840407848358
22,218,185,-0.19280728697776794
23,219,198,0.05045474320650101
24,206,196,-0.050414662808179855
25,225,223,0.015551037155091763
26,204,221,-0.08339197188615799
27,217,257,0.05715378746390343
28,192,250,-0.003407497890293598
29,212,263,0.05693884566426277
30,188,255,0.0003986159572377801
31,231,266,-0.0024386674631386995
32,200,260,-0.06858807802200317
0,236,142,-0.17996607720851898
1,235,139,-0.16757811605930328
2,235,139,-0.1676124632358551
3,235,139,-0.1676458865404129
4,234,139,-0.18164952099323273
5,233,139,-0.18169939517974854
6,232,139,-0.18176046013832092
7,233,140,-0.08679317682981491
8,228,140,-0.1635870486497879
9,235,145,-0.14800609648227692
10,233,145,-0.16835927963256836
11,232,156,0.010947023518383503
12,215,153,-0.16982901096343994
13,224,177,0.059638217091560364
14,203,175,-0.18782082200050354
15,223,189,-0.0018310649320483208
16,220,189,-0.19864854216575623
17,227,194,-0.010509829968214035
18,223,193,-0.21875405311584473
19,228,193,-0.028322044759988785
20,226,191,-0.21790412068367004
21,226,191,-0.011946848593652248
22,225,189,-0.19673898816108704
23,218,197,0.05325918644666672
24,205,196,-0.05320535972714424
25,225,221,-0.05388786271214485
26,203,219,-0.11326698958873749
27,216,257,-0.04917193576693535
28,193,250,-0.048065777868032455
29,212,262,-0.052645958960056305
30,189,256,-0.045557472854852676
31,231,266,-0.11888207495212555
32,201,260,-0.11451318114995956
0,238,143,-0.14813530445098877
1,237,140,-0.13578855991363525
2,237,140,-0.13583360612392426
3,237,140,-0.13586392998695374
4,236,140,-0.15622618794441223
5,235,140,-0.15626688301563263
6,234,140,-0.15632793307304382
7,234,141,-0.0647798702120781
8,230,141,-0.15059305727481842
9,237,145,-0.11898148059844971
10,235,145,-0.14592775702476501
11,232,156,0.03450143709778786
12,218,155,-0.16654418408870697
13,221,176,0.08461976051330566
14,207,176,-0.18697987496852875
15,223,189,0.021824661642313004
16,224,190,-0.19532917439937592
17,226,195,0.013186417520046234
18,227,195,-0.21733954548835754
19,228,194,-0.005895836278796196
20,230,192,-0.21832941472530365
21,226,191,0.010900983586907387
22,228,191,-0.19447535276412964
23,217,197,0.06011746823787689
24,204,195,-0.06005319580435753
25,225,219,-0.06147787719964981
26,210,214,-0.16011017560958862
27,215,256,-0.06924822181463242
28,197,249,-0.11599407345056534
29,211,262,-0.07411603629589081
30,192,254,-0.11454763263463974
31,230,266,-0.1380438655614853
32,204,259,-0.1778506189584732
0,239,144,-0.09182926267385483
1,238,141,-0.08223791420459747
2,238,141,-0.08226663619279861
3,238,141,-0.08229227364063263
4,238,141,-0.10412111133337021
5,237,141,-0.10414858162403107
6,236,141,-0.10420799255371094
7,234,142,-0.030993681401014328
8,232,142,-0.13293638825416565
9,238,147,-0.07020431011915207
10,237,147,-0.09849949926137924
11,231,157,0.05692758411169052
12,221,157,-0.1615564227104187
13,218,176,0.11285625398159027
14,209,178,-0.18421845138072968
15,224,191,0.07786156237125397
16,226,192,-0.17258264124393463
17,228,196,0.07693703472614288
18,229,196,-0.19052812457084656
19,230,195,0.05984318256378174
20,231,194,-0.18772047758102417
21,228,193,0.06834720820188522
22,230,192,-0.16989971697330475
23,216,195,0.06583547592163086
24,204,195,-0.06574007123708725
25,234,210,-0.016922634094953537
26,221,216,-0.1451830267906189
27,214,242,0.010184675455093384
28,211,252,-0.11503678560256958
29,207,246,0.010454609990119934
30,205,258,-0.11409086734056473
31,224,255,-0.015688903629779816
32,226,263,-0.16369080543518066
0,240,145,-0.04154220595955849
1,239,142,-0.03266230598092079
2,239,142,-0.03270462155342102
3,239,142,-0.03273816779255867
4,239,142,-0.05450849607586861
5,238,142,-0.05452488735318184
6,237,142,-0.05458243936300278
7,235,143,0.01193980872631073
8,233,143,-0.08629108220338821
9,239,148,-0.022604865953326225
10,238,148,-0.05091138184070587
11,231,158,0.09213424474000931
12,224,158,-0.15241821110248566
13,217,178,0.14045533537864685
14,212,178,-0.16053932905197144
15,225,194,0.11372767388820648
16,228,194,-0.14302095770835876
17,227,199,0.11641918867826462
18,231,197,-0.16017185151576996
19,229,198,0.09975054860115051
20,233,196,-0.15483975410461426
21,228,196,0.10477115958929062
22,231,194,-0.13965757191181183
23,214,195,0.0691375732421875
24,205,195,-0.06905005127191544
25,240,204,0.01589861884713173
26,225,217,-0.13918711245059967
27,215,237,0.041798416525125504
28,214,253,-0.12045321613550186
29,206,239,0.04195917770266533
30,209,259,-0.11981389671564102
31,221,250,0.016775721684098244
32,226,265,-0.16529090702533722
0,241,145,-0.058405786752700806
1,240,143,-0.04893722012639046
2,240,142,-0.048977289348840714
3,240,142,-0.04901011660695076
4,239,143,-0.07073034346103668
5,239,143,-0.07074805349111557
6,238,143,-0.07079655677080154
7,236,143,0.0003980609180871397
8,234,144,-0.09664451330900192
9,240,148,-0.037544216960668564
10,239,148,-0.06575900316238403
11,230,159,0.08548582345247269
12,226,159,-0.14845190942287445
13,217,180,0.13171160221099854
14,216,182,-0.16425956785678864
15,225,197,0.10181931406259537
16,233,197,-0.1560722440481186
17,227,202,0.10360577702522278
18,237,200,-0.1746579259634018
19,229,201,0.08740562945604324
20,240,198,-0.16877207159996033
21,227,199,0.0930703803896904
22,238,197,-0.15277521312236786
23,212,195,0.06998778879642487
24,205,195,-0.06993084400892258
25,237,208,0.011149345897138119
26,225,216,-0.13455615937709808
27,215,243,0.026211470365524292
28,211,253,-0.10027845948934555
29,207,247,0.02573331631720066
30,206,257,-0.09711555391550064
31,224,251,-0.006614618469029665
32,226,265,-0.16355974972248077
0,241,146,-0.05589853227138519
1,240,143,-0.04417393356561661
2,240,143,-0.04421491175889969
3,240,143,-0.0442420095205307
4,239,143,-0.0668170377612114
5,238,143,-0.0668422132730484
6,237,143,-0.066889189183712
7,237,144,0.007572145666927099
8,233,144,-0.09343572705984116
9,240,148,-0.034674301743507385
10,239,148,-0.06401880085468292
11,229,159,0.08976864814758301
12,226,159,-0.14797943830490112
13,219,180,0.12774047255516052
14,220,183,-0.16559626162052155
15,230,196,0.09151244163513184
16,238,197,-0.14322595298290253
17,232,200,0.09353964030742645
18,243,200,-0.16181892156600952
19,234,199,0.07691222429275513
20,246,197,-0.15526114404201508
21,233,198,0.08224111050367355
22,244,196,-0.139634907245636
23,211,196,0.07162266224622726
24,205,196,-0.07158414274454117
25,228,210,0.06184093654155731
26,221,215,-0.09365515410900116
27,213,246,0.11400553584098816
28,213,252,-0.04237673431634903
29,207,250,0.11715291440486908
30,207,257,-0.038934338837862015
31,225,254,0.09650160372257233
32,228,263,-0.07348085194826126
0,241,146,-0.031033402308821678
1,240,143,-0.022047262638807297
2,240,143,-0.022097306326031685
3,240,143,-0.022121487185359
4,239,143,-0.04616478085517883
5,239,143,-0.04618717357516289
6,238,143,-0.04622161388397217
7,236,144,0.02291741408407688
8,234,144,-0.08530212193727493
9,240,149,-0.01177503913640976
10,239,149,-0.04324088990688324
11,227,160,0.10691654682159424
12,227,160,-0.14452947676181793
13,222,181,0.14709320664405823
14,228,184,-0.1592845469713211
15,236,196,0.11411462724208832
16,245,193,-0.11111155897378922
17,238,198,0.11775429546833038
18,251,197,-0.12821079790592194
19,240,197,0.09927315264940262
20,252,194,-0.12095899134874344
21,239,196,0.10427401959896088
22,250,192,-0.10706336051225662
23,209,197,0.07713522762060165
24,205,197,-0.07704661786556244
25,225,218,0.0780336856842041
26,221,217,-0.09473211318254471
27,208,249,0.12056005746126175
28,211,252,-0.05102149769663811
29,204,255,0.12289523333311081
30,206,257,-0.048055436462163925
31,223,256,0.1000102162361145
32,227,264,-0.08066075295209885
0,241,146,-0.023564796894788742
1,240,143,-0.015781842172145844
2,240,143,-0.015823284164071083
3,240,143,-0.015841688960790634
4,239,143,-0.038440536707639694
5,239,143,-0.03846260532736778
6,238,143,-0.03848860040307045
7,236,144,0.027400825172662735
8,234,144,-0.07420206069946289
9,240,149,-0.004833608865737915
10,239,149,-0.03431352972984314
11,227,160,0.11128115653991699
12,228,159,-0.1312100887298584
13,229,182,0.16105902194976807
14,232,183,-0.13882333040237427
15,242,190,0.1433008462190628
16,247,191,-0.09045019000768661
17,246,189,0.15044790506362915
18,252,190,-0.1044321060180664
19,248,188,0.13245269656181335
20,253,188,-0.0970655009150505
21,247,189,0.13424153625965118
22,252,188,-0.08620739728212357
