0,141,197
1,138,190
2,136,190
3,133,190
4,146,192
5,148,192
6,150,192
7,128,193
8,151,196
9,136,202
10,143,203
11,88,229
12,162,239
13,64,273
14,189,291
15,74,246
16,184,265
17,61,233
18,188,259
19,69,226
20,181,254
21,75,229
22,179,255
23,99,338
24,141,338
25,103,303
26,149,305
27,115,344
28,140,349
29,118,359
30,133,363
31,112,324
32,143,333
0,140,197
1,138,191
2,135,190
3,133,190
4,145,192
5,148,192
6,150,193
7,128,193
8,150,197
9,136,202
10,143,204
11,88,230
12,162,239
13,68,278
14,189,291
15,97,281
16,180,268
17,99,281
18,180,262
19,104,276
20,174,257
21,105,276
22,173,259
23,98,341
24,139,344
25,103,316
26,152,328
27,115,378
28,138,388
29,118,394
30,128,401
31,115,367
32,144,386
0,140,197
1,138,191
2,135,190
3,133,190
4,145,192
5,147,192
6,150,193
7,127,194
8,150,197
9,135,202
10,142,204
11,88,231
12,163,240
13,70,280
14,189,291
15,102,287
16,175,269
17,104,287
18,173,263
19,109,282
20,171,259
21,110,282
22,165,260
23,98,343
24,138,347
25,104,317
26,154,330
27,115,379
28,137,390
29,118,396
30,127,403
31,116,368
32,144,388
0,139,198
1,137,191
2,135,191
3,132,191
4,144,192
5,146,193
6,149,193
7,127,194
8,150,197
9,135,203
10,142,204
11,88,231
12,162,240
13,93,285
14,187,291
15,110,286
16,176,272
17,113,287
18,175,266
19,117,281
20,173,260
21,118,282
22,167,263
23,96,342
24,135,346
25,104,319
26,154,334
27,114,383
28,135,396
29,115,399
30,123,409
31,116,375
32,144,397
0,139,198
1,137,192
2,134,191
3,132,191
4,144,193
5,146,193
6,148,193
7,126,195
8,149,198
9,134,203
10,141,205
11,87,231
12,162,240
13,98,285
14,186,291
15,113,280
16,177,272
17,115,278
18,175,267
19,120,273
20,173,261
21,121,274
22,168,263
23,95,342
24,134,347
25,104,320
26,154,333
27,114,381
28,136,393
29,115,397
30,124,406
31,118,373
32,145,393
0,139,200
1,137,193
2,134,193
3,132,192
4,144,194
5,146,195
6,148,195
7,126,196
8,149,199
9,134,205
10,141,206
11,87,232
12,161,240
13,102,286
14,185,291
15,117,282
16,177,272
17,119,282
18,176,267
19,123,276
20,174,262
21,124,277
22,169,263
23,94,342
24,132,347
25,105,322
26,154,337
27,115,385
28,135,398
29,116,401
30,124,410
31,120,378
32,146,400
0,139,201
1,137,194
2,134,193
3,132,193
4,143,195
5,146,196
6,148,196
7,126,197
8,149,200
9,134,205
10,141,207
11,86,232
12,160,241
13,98,287
14,185,291
15,113,283
16,177,272
17,115,282
18,176,267
19,119,277
20,174,262
21,120,278
22,169,263
23,93,342
24,132,347
25,105,321
26,154,336
27,115,382
28,136,397
29,116,398
30,124,410
31,121,374
32,147,398
0,139,201
1,136,194
2,134,194
3,131,194
4,143,196
5,146,196
6,148,197
7,126,197
8,149,201
9,134,206
10,141,208
11,84,232
12,158,242
13,98,287
14,184,292
15,111,280
16,178,273
17,112,278
18,178,267
19,117,272
20,174,262
21,118,273
22,171,264
23,91,343
24,130,348
25,102,325
26,155,338
27,109,381
28,132,393
29,109,397
30,119,405
31,116,371
32,144,390
0,138,202
1,136,195
2,134,194
3,131,194
4,143,196
5,145,197
6,148,197
7,126,197
8,148,201
9,134,206
10,141,208
11,84,232
12,158,242
13,99,285
14,184,292
15,110,279
16,179,274
17,110,275
18,179,267
19,114,270
20,177,262
21,116,271
22,173,264
23,91,343
24,129,348
25,102,330
26,154,344
27,110,391
28,133,401
29,111,406
30,120,412
31,116,383
32,144,401
0,138,202
1,136,195
2,134,195
3,131,194
4,143,197
5,145,198
6,148,198
7,126,198
8,148,202
9,134,207
10,141,209
11,81,233
12,156,244
13,70,280
14,180,294
15,95,264
16,176,277
17,96,260
18,177,269
19,103,255
20,172,265
21,103,257
22,170,267
23,88,345
24,128,349
25,98,328
26,153,343
27,105,386
28,130,396
29,107,402
30,118,408
31,109,376
32,139,393
0,138,203
1,136,196
2,134,196
3,131,195
4,143,198
5,145,199
6,148,199
7,125,199
8,148,203
9,134,208
10,141,209
11,81,233
12,156,244
13,90,280
14,178,294
15,105,266
16,175,279
17,107,264
18,176,271
19,112,259
20,173,267
21,113,260
22,169,268
23,87,346
24,126,350
25,98,333
26,153,346
27,105,393
28,129,402
29,107,408
30,116,413
31,110,385
32,139,402
0,149,214
1,146,206
2,144,205
3,142,205
4,149,207
5,150,207
6,151,207
7,132,205
8,148,207
9,144,219
10,147,219
11,80,240
12,149,244
13,89,290
14,167,299
15,106,295
16,162,331
17,108,298
18,163,339
19,114,292
20,164,333
21,115,292
22,161,330
23,87,350
24,121,354
25,97,388
26,126,399
27,106,461
28,108,468
29,107,473
30,99,478
31,110,471
32,114,483
0,152,215
1,148,208
2,147,207
3,145,207
4,151,209
5,152,209
6,152,208
7,133,207
8,148,209
9,146,220
10,149,221
11,80,241
12,149,245
13,89,293
14,165,302
15,108,297
16,158,331
17,110,299
18,160,338
19,116,294
20,160,331
21,117,293
22,157,328
23,88,354
24,121,357
25,95,376
26,131,382
27,105,444
28,107,450
29,106,458
30,97,461
31,109,449
32,113,462
0,154,219
1,151,212
2,150,211
3,148,210
4,153,212
5,153,212
6,153,211
7,136,210
8,147,212
9,148,224
10,150,224
11,80,244
12,146,246
13,73,293
14,150,322
15,100,314
16,153,351
17,103,318
18,155,362
19,110,314
20,156,357
21,110,313
22,153,352
23,93,358
24,119,364
25,99,422
26,107,434
27,106,500
28,96,514
29,106,514
30,89,527
31,112,515
32,108,528
0,155,219
1,153,212
2,151,211
3,149,210
4,154,212
5,154,212
6,154,212
7,137,210
8,147,212
9,149,224
10,151,224
11,80,245
12,145,246
13,69,292
14,151,315
15,100,319
16,152,352
17,104,324
18,155,363
19,110,320
20,157,357
21,111,319
22,153,352
23,94,358
24,118,364
25,101,424
26,105,437
27,106,504
28,95,518
29,105,518
30,88,531
31,115,519
32,110,532
0,156,221
1,154,214
2,152,214
3,151,213
4,155,214
5,155,214
6,155,214
7,139,213
8,147,214
9,150,227
10,151,227
11,80,246
12,142,248
13,65,291
14,144,325
15,95,320
16,152,364
17,99,325
18,155,377
19,104,322
20,157,373
21,104,321
22,153,367
23,95,361
24,116,367
25,101,430
26,101,445
27,105,512
28,89,528
29,102,526
30,81,542
31,116,526
32,107,544
0,156,222
1,154,214
2,152,214
3,150,213
4,155,215
5,155,214
6,155,214
7,139,213
8,147,215
9,150,227
10,152,227
11,81,246
12,142,248
13,68,292
14,146,320
15,96,322
16,152,364
17,99,328
18,156,377
19,105,326
20,158,374
21,105,324
22,154,368
23,95,360
24,115,367
25,101,432
26,101,447
27,105,515
28,90,531
29,102,529
30,81,545
31,118,530
32,108,546
0,155,224
1,153,216
2,151,216
3,150,215
4,155,216
5,155,216
6,155,216
7,138,214
8,147,216
9,149,230
10,151,230
11,80,248
12,141,249
13,62,293
14,138,316
15,88,325
16,146,361
17,91,331
18,149,374
19,97,329
20,152,370
21,96,327
22,148,365
23,95,361
24,115,368
25,101,433
26,104,447
27,105,514
28,90,531
29,101,528
30,80,545
31,118,529
32,110,546
0,155,223
1,153,215
2,151,215
3,150,214
4,155,216
5,155,215
6,155,215
7,138,214
8,147,216
9,149,228
10,151,229
11,79,247
12,141,249
13,54,292
14,138,313
15,81,324
16,147,365
17,83,330
18,151,378
19,89,328
20,153,374
21,89,326
22,150,369
23,93,361
24,112,367
25,100,435
26,100,449
27,102,518
28,86,534
29,97,531
30,76,548
31,116,534
32,106,550
0,155,224
1,153,216
2,151,215
3,149,214
4,154,216
5,154,216
6,154,216
7,138,213
8,145,216
9,149,229
10,150,229
11,77,247
12,138,249
13,51,292
14,132,311
15,75,320
16,141,359
17,76,326
18,144,371
19,82,324
20,147,367
21,82,322
22,144,362
23,89,361
24,108,367
25,95,429
26,97,442
27,97,511
28,83,525
29,93,525
30,73,539
31,113,525
32,105,542
0,154,224
1,153,216
2,151,215
3,149,214
4,154,216
5,153,216
6,153,216
7,137,213
8,144,216
9,149,229
10,150,229
11,76,247
12,136,250
13,52,292
14,129,322
15,77,319
16,139,362
17,78,324
18,141,375
19,84,322
20,143,371
21,84,320
22,140,365
23,87,362
24,108,369
25,94,432
26,97,446
27,98,515
28,85,530
29,94,529
30,74,544
31,113,528
32,106,546
0,150,223
1,148,215
2,146,215
3,144,214
4,150,216
5,150,215
6,150,215
7,133,213
8,143,215
9,145,228
10,147,229
11,74,247
12,135,250
13,49,292
14,126,321
15,75,322
16,137,358
17,77,328
18,140,370
19,83,326
20,143,365
21,83,324
22,139,360
23,86,364
24,108,372
25,93,438
26,95,453
27,96,522
28,82,538
29,92,536
30,71,552
31,110,535
32,103,553
0,147,222
1,144,215
2,142,214
3,141,213
4,147,215
5,147,215
6,148,215
7,130,213
8,141,215
9,141,228
10,144,228
11,72,247
12,134,250
13,48,292
14,125,320
15,76,320
16,136,356
17,78,326
18,139,366
19,85,323
20,141,362
21,85,322
22,138,358
23,86,365
24,109,371
25,93,435
26,96,447
27,97,517
28,85,532
29,94,532
30,75,546
31,110,531
32,105,548
0,140,222
1,136,213
2,134,212
3,132,211
4,140,214
5,141,214
6,141,214
7,122,212
8,136,215
9,134,227
10,138,228
11,65,247
12,131,250
13,41,291
14,124,314
15,70,319
16,131,327
17,71,324
18,134,333
19,79,320
20,135,327
21,80,319
22,131,324
23,83,366
24,110,370
25,95,429
26,106,439
27,108,510
28,103,529
29,109,524
30,96,545
31,114,522
32,118,539
0,138,221
1,135,212
2,133,212
3,131,211
4,138,214
5,139,213
6,139,213
7,121,211
8,133,214
9,133,227
10,136,227
11,63,247
12,129,249
13,43,290
14,123,306
15,71,319
16,128,310
17,71,324
18,131,313
19,79,318
20,130,307
21,80,317
22,127,305
23,81,365
24,110,368
25,94,417
26,113,419
27,109,497
28,108,504
29,110,510
30,99,516
31,115,510
32,122,523
0,132,220
1,128,211
2,126,210
3,124,209
4,132,212
5,133,212
6,133,212
7,113,210
8,128,213
9,126,225
10,130,226
11,60,247
12,123,247
13,27,288
14,121,295
15,44,312
16,125,320
17,43,317
18,127,326
19,50,312
20,127,321
21,52,311
22,124,318
23,78,364
24,106,367
25,96,423
26,109,428
27,112,504
28,106,513
29,113,517
30,99,525
31,118,517
32,121,529
0,130,219
1,127,211
2,125,210
3,122,209
4,130,212
5,131,211
6,131,211
7,113,210
8,126,212
9,125,224
10,128,225
11,58,246
12,121,247
13,26,286
14,119,298
15,42,299
16,124,324
17,40,302
18,126,331
19,47,296
20,127,325
21,49,295
22,124,322
23,77,363
24,104,367
25,96,423
26,104,430
27,111,504
28,105,514
29,111,517
30,97,527
31,118,517
32,120,529
0,123,214
1,119,206
2,117,205
3,115,205
4,123,207
5,124,207
6,125,207
7,104,206
8,119,208
9,116,220
10,121,221
11,55,242
12,116,244
13,21,284
14,120,293
15,53,298
16,126,316
17,53,305
18,129,322
19,59,300
20,129,316
21,61,296
22,126,314
23,65,360
24,99,363
25,80,367
26,112,373
27,102,438
28,105,442
29,104,452
30,96,453
31,112,440
32,121,453
0,119,213
1,116,205
2,113,204
3,111,203
4,120,206
5,121,206
6,122,206
7,101,204
8,117,207
9,113,218
10,118,219
11,51,241
12,114,244
13,20,284
14,123,292
15,52,301
16,127,314
17,55,307
18,129,320
19,62,302
20,129,315
21,64,295
22,126,313
23,57,360
24,94,362
25,70,352
26,107,356
27,91,425
28,102,429
29,94,440
30,92,443
31,98,423
32,119,434
0,108,211
1,105,203
2,103,203
3,101,202
4,109,204
5,110,203
6,111,203
7,92,203
8,107,205
9,103,216
10,107,217
11,47,238
12,104,239
13,26,280
14,148,283
15,62,278
16,128,258
17,66,278
18,130,252
19,71,273
20,126,251
21,72,272
22,124,253
23,44,358
24,80,360
25,73,297
26,111,291
27,93,323
28,111,323
29,95,333
30,101,333
31,102,310
32,127,313
0,106,211
1,103,203
2,101,202
3,98,202
4,107,204
5,108,203
6,109,203
7,90,202
8,105,205
9,100,216
10,105,216
11,47,237
12,102,238
13,48,278
14,150,280
15,67,274
16,126,255
17,70,274
18,127,250
19,73,269
20,120,247
21,75,269
22,120,249
23,39,356
24,75,360
25,57,300
26,95,302
27,85,347
28,103,357
29,86,360
30,95,369
31,94,340
32,118,355
0,97,207
1,93,198
2,91,197
3,89,197
4,96,199
5,97,199
6,97,199
7,82,198
8,92,201
9,92,211
10,96,213
11,44,234
12,94,239
13,47,267
14,160,269
15,85,255
16,144,241
17,92,253
18,145,235
19,95,249
20,136,232
21,93,251
22,134,234
23,43,353
24,71,360
25,63,321
26,96,342
27,70,381
28,78,395
29,64,396
30,64,403
31,91,381
32,101,401
0,95,205
1,91,197
2,89,196
3,88,195
4,95,197
5,95,197
6,96,197
7,80,196
8,91,200
9,90,210
10,94,212
11,45,233
12,92,239
13,60,262
14,161,266
15,95,250
16,147,240
17,103,248
18,149,235
19,110,239
20,141,232
21,99,245
22,147,232
23,44,349
24,69,359
25,64,312
26,96,334
27,68,370
28,76,384
29,61,384
30,62,392
31,90,369
32,99,390
0,85,202
1,80,194
2,79,194
3,78,193
4,82,194
5,81,194
6,81,194
7,71,195
8,76,197
9,82,207
10,83,208
11,47,232
12,65,236
13,102,240
14,140,256
15,153,228
16,160,226
17,161,224
18,166,223
19,158,220
20,162,217
21,159,223
22,161,219
23,43,345
24,52,352
25,109,265
26,101,286
27,166,227
28,151,227
29,172,229
30,157,225
31,180,192
32,160,183
0,85,200
1,80,192
2,79,192
3,78,192
4,82,193
5,82,193
6,81,193
7,71,194
8,76,196
9,81,205
10,83,206
11,47,231
12,69,237
13,105,240
14,139,256
15,152,226
16,164,224
17,163,221
18,167,221
19,159,218
20,163,216
21,158,223
22,162,218
23,43,346
24,57,354
25,110,270
26,108,280
27,161,244
28,145,246
29,166,247
30,145,245
31,179,213
32,156,216
0,73,200
1,70,192
2,69,192
3,67,191
4,72,193
5,71,193
6,71,193
7,59,193
8,65,195
9,69,205
10,70,206
11,24,228
12,58,234
13,66,243
14,119,246
15,124,238
16,168,233
17,125,231
18,182,230
19,117,229
20,181,222
21,117,230
22,177,226
23,21,341
24,36,346
25,92,268
26,92,265
27,137,267
28,128,266
29,139,273
30,131,270
31,152,246
32,143,248
0,73,199
1,68,191
2,66,191
3,64,191
4,71,192
5,70,192
6,70,192
7,57,192
8,64,195
9,67,204
10,70,205
11,24,228
12,61,234
13,52,240
14,120,245
15,106,229
16,179,233
17,108,223
18,195,228
19,105,223
20,192,223
21,110,226
22,184,226
23,19,343
24,41,347
25,84,275
26,94,271
27,110,286
28,115,282
29,107,293
30,110,287
31,133,272
32,142,269
0,63,199
1,60,192
2,58,191
3,57,191
4,61,192
5,60,192
6,60,192
7,48,192
8,54,194
9,58,204
10,60,205
11,20,228
12,46,230
13,62,242
14,107,228
15,118,240
16,170,228
17,125,235
18,184,231
19,128,234
20,184,228
21,127,236
22,179,228
23,9,341
24,23,342
25,68,275
26,65,269
27,84,285
28,67,278
29,79,292
30,58,283
31,109,268
32,94,262
0,61,198
1,58,191
2,56,191
3,54,190
4,59,191
5,59,191
6,59,191
7,45,191
8,54,193
9,56,203
10,58,204
11,15,229
12,53,229
13,40,245
14,108,227
15,82,244
16,169,228
17,88,235
18,185,233
19,93,240
20,185,230
21,93,241
22,179,230
23,6,342
24,28,343
25,56,282
26,57,273
27,69,298
28,46,287
29,64,306
30,35,290
31,91,285
32,68,276
0,51,196
1,47,189
2,45,189
3,44,189
4,48,189
5,48,189
6,48,189
7,36,190
8,43,191
9,46,201
10,48,201
11,10,229
12,43,227
13,26,246
14,94,224
15,60,245
16,158,225
17,63,241
18,178,230
19,68,242
20,180,227
21,68,243
22,177,227
23,-4,341
24,16,340
25,44,283
26,52,275
27,53,300
28,39,291
29,46,307
30,25,294
31,75,289
32,64,283
0,49,195
1,45,189
2,43,189
3,41,188
4,47,189
5,47,189
6,47,189
7,34,190
8,42,191
9,44,200
10,47,201
11,2,229
12,46,226
13,24,246
14,95,224
15,59,246
16,157,226
17,63,243
18,177,230
19,68,243
20,176,228
21,68,244
22,174,227
23,-5,340
24,15,341
25,30,293
26,41,300
27,21,348
28,13,355
29,13,359
30,0,362
31,40,352
32,34,366
0,34,194
1,31,188
2,30,188
3,28,187
4,34,189
5,34,189
6,35,189
7,22,189
8,31,191
9,29,199
10,32,200
11,-6,224
12,36,227
13,26,227
14,85,228
15,70,218
16,136,226
17,73,216
18,152,229
19,76,216
20,152,225
21,78,218
22,146,225
23,-19,337
24,5,340
25,24,293
26,28,295
27,23,345
28,-6,339
29,16,358
30,-20,346
31,42,337
32,8,347
0,36,193
1,33,187
2,31,187
3,29,186
4,35,188
5,35,188
6,35,189
7,22,188
8,30,191
9,31,197
10,33,199
11,-4,224
12,34,227
13,32,232
14,84,228
15,81,227
16,133,226
17,92,225
18,148,228
19,96,225
20,149,225
21,94,227
22,143,225
23,-17,337
24,4,340
25,25,293
26,26,291
27,19,338
28,-7,338
29,12,348
30,-19,346
31,35,333
32,3,343
0,28,191
1,25,186
2,24,186
3,23,186
4,26,187
5,26,187
6,26,188
7,16,187
8,20,189
9,24,196
10,25,197
11,-3,221
12,20,226
13,47,228
14,71,231
15,95,218
16,120,227
17,108,219
18,134,228
19,110,220
20,132,225
21,104,221
22,129,226
23,-22,333
24,-15,333
25,11,314
26,5,312
27,5,376
28,-10,380
29,1,386
30,-17,388
31,14,384
32,-1,396
0,25,192
1,23,187
2,21,186
3,20,186
4,25,187
5,25,188
6,25,188
7,15,187
8,22,189
9,20,197
10,22,198
11,-11,217
12,24,226
13,33,217
14,73,231
15,76,200
16,113,228
17,85,196
18,127,228
19,87,194
20,124,224
21,85,197
22,120,225
23,-29,332
24,-13,335
25,-2,329
26,-1,344
27,-4,399
28,-15,422
29,-5,411
30,-20,432
31,3,411
32,-7,440
0,19,190
1,17,186
2,17,186
3,17,186
4,17,186
5,17,186
6,16,185
7,14,186
8,14,185
9,15,195
10,15,195
11,3,214
12,-11,204
13,51,229
14,37,235
15,84,227
16,85,231
17,93,220
18,99,228
19,92,219
20,100,225
21,90,221
22,93,225
23,-19,314
24,-37,309
25,-15,382
26,-38,375
27,-23,458
28,-48,460
29,-26,467
30,-53,472
31,-17,483
32,-40,479
0,16,190
1,15,186
2,15,186
3,14,186
4,14,186
5,14,186
6,14,186
7,11,186
8,11,186
9,14,196
10,13,196
11,1,210
12,-5,209
13,49,231
14,45,244
15,85,231
16,93,234
17,94,226
18,107,232
19,93,224
20,103,228
21,91,227
22,100,228
23,-24,311
24,-34,310
25,-25,380
26,-40,382
27,-35,454
28,-51,460
29,-38,462
30,-56,471
31,-27,474
32,-38,478
0,478,162
1,479,158
2,480,158
3,482,158
4,477,159
5,477,159
6,477,159
7,486,158
8,480,159
9,482,164
10,480,165
11,502,172
12,482,176
13,486,187
14,463,190
15,471,182
16,463,188
17,465,182
18,462,188
19,466,179
20,465,186
21,467,180
22,466,188
23,511,220
24,503,222
25,501,254
26,498,253
27,510,280
28,506,285
29,512,284
30,511,283
31,503,288
32,502,288
0,469,163
1,470,160
2,471,159
3,472,159
4,468,160
5,468,160
6,468,160
7,477,158
8,472,159
9,472,165
10,470,166
11,490,172
12,473,176
13,472,188
14,450,189
15,459,182
16,449,187
17,455,182
18,448,188
19,455,179
20,451,186
21,456,180
22,453,187
23,499,220
24,492,222
25,488,255
26,497,254
27,504,287
28,512,283
29,507,288
30,517,283
31,501,304
32,511,294
0,467,164
1,468,160
2,469,160
3,470,159
4,467,160
5,467,160
6,467,160
7,475,158
8,470,159
9,470,165
10,468,166
11,489,172
12,472,176
13,471,188
14,449,189
15,458,182
16,449,187
17,453,182
18,448,187
19,453,179
20,451,185
21,457,180
22,454,187
23,499,220
24,492,222
25,485,255
26,496,256
27,502,289
28,514,287
29,507,290
30,520,291
31,498,303
32,512,302
0,455,164
1,456,160
2,457,159
3,458,159
4,455,160
5,454,160
6,454,160
7,463,158
8,457,159
9,458,165
10,456,166
11,478,172
12,459,175
13,465,190
14,436,186
15,452,181
16,434,187
17,448,180
18,432,187
19,450,177
20,436,185
21,451,179
22,438,186
23,487,219
24,479,222
25,481,259
26,488,256
27,486,291
28,513,287
29,489,292
30,518,290
31,482,309
32,510,302
0,453,163
1,454,159
2,455,159
3,456,158
4,453,159
5,453,159
6,453,159
7,462,158
8,457,158
9,456,165
10,454,165
11,478,172
12,459,174
13,460,190
14,435,186
15,448,181
16,435,185
17,444,180
18,434,186
19,445,177
20,438,184
21,445,179
22,439,184
23,486,220
24,478,222
25,474,258
26,488,257
27,481,293
28,509,286
29,485,294
30,512,289
31,476,306
32,509,302
0,443,163
1,444,159
2,445,159
3,445,159
4,442,160
5,442,160
6,441,160
7,450,158
8,444,159
9,445,165
10,443,166
11,465,172
12,447,175
13,449,189
14,420,186
15,436,178
16,423,179
17,432,178
18,424,179
19,433,176
20,429,177
21,433,177
22,429,177
23,474,220
24,467,222
25,464,258
26,479,258
27,464,294
28,501,286
29,466,295
30,511,291
31,460,308
32,502,303
0,442,163
1,443,159
2,444,159
3,445,158
4,442,160
5,442,160
6,441,160
7,450,158
8,445,159
9,445,165
10,443,165
11,464,171
12,446,175
13,449,183
14,420,185
15,437,176
16,424,178
17,432,175
18,425,179
19,433,173
20,430,177
21,434,174
22,430,176
23,474,220
24,467,223
25,463,258
26,477,259
27,480,278
28,498,286
29,484,275
30,503,290
31,476,301
32,498,306
0,432,163
1,433,159
2,434,159
3,435,158
4,432,160
5,432,160
6,432,160
7,439,158
8,435,159
9,435,165
10,433,165
11,453,171
12,435,175
13,436,180
14,409,182
15,423,172
16,407,176
17,418,172
18,407,175
19,420,170
20,410,174
21,420,171
22,412,174
23,463,220
24,456,223
25,457,260
26,469,259
27,450,292
28,494,287
29,454,292
30,501,289
31,458,313
32,493,303
0,431,163
1,433,159
2,434,158
3,435,158
4,431,160
5,431,160
6,430,160
7,438,158
8,434,159
9,434,165
10,433,165
11,451,170
12,433,174
13,434,175
14,410,181
15,421,170
16,409,175
17,418,171
18,409,174
19,418,169
20,412,173
21,419,170
22,412,173
23,462,220
24,455,222
25,461,260
26,454,259
27,481,291
28,449,292
29,480,291
30,451,294
31,489,305
32,448,309
0,420,164
1,421,159
2,422,159
3,422,158
4,419,160
5,419,160
6,419,160
7,427,158
8,423,160
9,423,166
10,421,166
11,438,169
12,427,175
13,420,165
14,408,177
15,410,164
16,404,171
17,408,164
18,403,170
19,410,164
20,405,169
21,411,165
22,406,170
23,452,221
24,447,223
25,448,263
26,459,259
27,461,297
28,479,292
29,465,300
30,481,294
31,456,312
32,473,306
0,416,165
1,415,162
2,416,161
3,418,160
4,414,163
5,414,163
6,413,164
7,423,159
8,418,162
9,421,165
10,419,167
11,440,169
12,422,175
13,426,167
14,401,176
15,414,166
16,403,170
17,411,166
18,402,168
19,412,166
20,405,168
21,414,167
22,405,169
23,453,221
24,445,223
25,452,262
26,446,261
27,472,294
28,439,295
29,473,297
30,459,303
31,468,309
32,448,312
0,410,165
1,410,162
2,410,161
3,412,160
4,408,163
5,408,163
6,409,163
7,416,159
8,411,162
9,412,166
10,410,167
11,431,171
12,414,176
13,421,171
14,390,178
15,403,166
16,385,169
17,398,164
18,383,165
19,400,163
20,386,165
21,401,165
22,387,166
23,442,222
24,436,223
25,442,262
26,438,263
27,474,294
28,430,294
29,477,295
30,451,302
31,467,308
32,438,311
0,410,166
1,409,162
2,410,161
3,411,160
4,408,163
5,408,163
6,408,163
7,415,159
8,412,162
9,414,167
10,412,168
11,431,170
12,415,176
13,422,173
14,394,178
15,406,167
16,391,171
17,402,166
18,390,169
19,403,165
20,391,167
21,404,166
22,393,168
23,442,221
24,436,222
25,439,262
26,443,263
27,431,294
28,444,294
29,449,299
30,470,299
31,440,313
32,459,310
0,390,167
1,388,163
2,388,162
3,388,161
4,388,163
5,388,163
6,388,163
7,399,159
8,397,160
9,395,167
10,395,168
11,412,169
12,410,170
13,388,173
14,397,173
15,384,161
16,393,166
17,382,157
18,393,164
19,384,157
20,394,163
21,386,158
22,394,164
23,431,221
24,431,222
25,427,262
26,444,262
27,419,297
28,461,294
29,420,300
30,473,297
31,415,313
32,464,306
0,394,168
1,393,165
2,393,164
3,393,163
4,392,165
5,393,165
6,393,164
7,401,160
8,401,161
9,397,168
10,397,168
11,413,169
12,411,171
13,388,174
14,391,174
15,383,160
16,386,164
17,383,158
18,386,162
19,385,158
20,387,161
21,386,159
22,387,162
23,429,222
24,432,222
25,427,262
26,442,262
27,418,298
28,466,292
29,418,301
30,473,296
31,409,310
32,466,305
0,394,168
1,391,165
2,391,165
3,391,165
4,394,165
5,392,164
6,394,164
7,393,163
8,397,161
9,394,168
10,395,168
11,399,173
12,411,171
13,376,176
14,396,174
15,383,162
16,387,166
17,383,160
18,386,165
19,386,160
20,387,163
21,387,162
22,387,163
23,420,223
24,429,221
25,418,262
26,430,262
27,413,298
28,458,288
29,414,302
30,463,294
31,415,312
32,456,300
0,392,168
1,392,164
2,390,165
3,392,163
4,392,164
5,391,164
6,391,164
7,398,162
8,395,161
9,395,168
10,394,169
11,410,172
12,398,172
13,395,166
14,375,177
15,389,163
16,380,166
17,387,161
18,380,164
19,389,161
20,382,163
21,390,163
22,383,164
23,423,223
24,423,221
25,418,261
26,430,261
27,412,297
28,457,288
29,413,300
30,463,292
31,409,311
32,457,301
0,386,168
1,386,164
2,385,165
3,386,163
4,386,164
5,386,164
6,387,163
7,388,162
8,391,161
9,389,169
10,389,169
11,402,173
12,399,172
13,380,180
14,380,179
15,382,169
16,379,166
17,380,164
18,379,165
19,382,162
20,381,164
21,382,163
22,381,165
23,415,223
24,418,221
25,411,261
26,420,261
27,407,297
28,448,285
29,408,300
30,455,288
31,400,311
32,445,300
0,386,168
1,387,164
2,386,164
3,386,163
4,386,164
5,385,164
6,385,164
7,390,162
8,389,162
9,390,169
10,389,170
11,405,173
12,394,173
13,391,185
14,369,185
15,385,171
16,375,167
17,382,166
18,376,166
19,385,164
20,379,165
21,385,166
22,379,166
23,416,223
24,416,221
25,409,260
26,417,261
27,407,296
28,447,285
29,408,298
30,454,287
31,405,311
32,447,301
0,378,170
1,378,166
2,379,166
3,380,165
4,377,166
5,377,166
6,377,166
7,384,162
8,380,164
9,382,170
10,381,171
11,404,173
12,384,174
13,394,195
14,362,190
15,387,179
16,369,169
17,384,173
18,371,166
19,386,171
20,373,164
21,387,174
22,374,166
23,414,222
24,406,221
25,405,261
26,409,261
27,404,296
28,439,284
29,405,298
30,446,285
31,402,312
32,440,298
0,378,172
1,377,168
2,378,167
3,379,166
4,376,168
5,376,168
6,376,168
7,384,163
8,380,164
9,382,171
10,381,172
11,403,173
12,385,175
13,396,193
14,362,191
15,386,177
16,369,169
17,382,172
18,371,166
19,385,170
20,372,165
21,386,172
22,374,167
23,414,222
24,405,222
25,404,261
26,408,261
27,404,296
28,437,283
29,405,298
30,444,284
31,403,312
32,436,298
0,375,170
1,376,165
2,377,164
3,378,164
4,374,166
5,374,166
6,374,166
7,382,162
8,377,164
9,378,170
10,377,171
11,400,174
12,378,175
13,393,193
14,360,193
15,382,177
16,365,173
17,378,172
18,366,168
19,381,170
20,368,167
21,382,172
22,369,170
23,410,221
24,399,222
25,398,261
26,400,260
27,401,296
28,429,282
29,403,298
30,434,283
31,398,310
32,433,298
0,376,169
1,375,165
2,376,164
3,378,163
4,374,166
5,374,166
6,374,165
7,381,162
8,377,164
9,379,170
10,377,171
11,399,173
12,377,175
13,392,192
14,359,193
15,379,176
16,365,174
17,375,172
18,366,168
19,378,169
20,368,168
21,379,172
22,369,170
23,409,220
24,399,222
25,397,260
26,403,260
27,402,296
28,428,282
29,402,297
30,434,283
31,397,307
32,429,298
0,360,157
1,363,154
2,363,154
3,364,154
4,363,154
5,363,154
6,363,154
7,369,156
8,368,155
9,363,161
10,362,160
11,382,175
12,371,173
13,363,195
14,355,192
15,342,203
16,344,202
17,336,204
18,342,203
19,336,200
20,342,201
21,339,200
22,343,201
23,399,218
24,387,219
25,387,255
26,377,252
27,399,288
28,402,278
29,402,291
30,408,280
31,393,300
32,397,291
0,361,157
1,363,155
2,364,155
3,365,155
4,363,155
5,363,155
6,363,154
7,370,156
8,368,156
9,363,161
10,362,161
11,383,174
12,370,174
13,364,195
14,355,192
15,345,199
16,344,202
17,336,203
18,341,203
19,337,199
20,342,201
21,339,199
22,343,201
23,399,219
24,387,220
25,391,257
26,376,252
27,399,290
28,403,278
29,402,293
30,408,280
31,393,301
32,398,290
0,359,157
1,361,154
2,362,154
3,363,154
4,361,154
5,361,154
6,361,154
7,369,156
8,366,156
9,361,160
10,360,160
11,382,174
12,369,175
13,373,199
14,360,195
15,353,204
16,351,207
17,344,208
18,349,208
19,344,205
20,348,207
21,346,205
22,349,207
23,398,219
24,385,220
25,389,257
26,373,252
27,397,290
28,397,280
29,402,293
30,404,284
31,385,301
32,390,292
0,358,157
1,361,154
2,361,154
3,362,154
4,360,154
5,360,154
6,360,154
7,368,156
8,365,156
9,361,160
10,360,160
11,382,174
12,369,175
13,374,200
14,361,196
15,353,206
16,351,208
17,346,210
18,349,209
19,345,206
20,348,208
21,347,206
22,349,208
23,398,219
24,385,219
25,389,257
26,373,251
27,397,290
28,396,282
29,401,293
30,403,285
31,383,301
32,389,293
0,356,158
1,358,155
2,359,155
3,360,155
4,358,155
5,358,155
6,358,155
7,366,157
8,363,157
9,358,161
10,357,161
11,381,175
12,368,174
13,389,202
14,373,196
15,366,208
16,373,209
17,360,213
18,373,212
19,357,209
20,373,211
21,359,208
22,373,210
23,397,218
24,382,216
25,390,255
26,368,250
27,397,289
28,386,282
29,399,293
30,391,286
31,385,301
32,374,294
0,356,159
1,358,156
2,359,156
3,360,156
4,357,155
5,358,155
6,358,155
7,366,157
8,363,157
9,358,162
10,357,161
11,381,176
12,368,174
13,388,203
14,372,197
15,364,209
16,370,210
17,359,213
18,370,213
19,357,210
20,369,212
21,358,209
22,370,211
23,397,218
24,382,216
25,390,254
26,367,249
27,398,288
28,385,283
29,399,293
30,391,288
31,388,300
32,372,296
0,355,160
1,357,157
2,358,157
3,359,157
4,356,156
5,357,156
6,357,156
7,364,158
8,361,158
9,357,163
10,356,162
11,379,176
12,367,174
13,390,201
14,374,196
15,371,211
16,372,211
17,366,216
18,371,215
19,364,214
20,371,214
21,366,212
22,372,213
23,395,218
24,382,216
25,390,255
26,368,250
27,399,292
28,380,286
29,401,296
30,386,292
31,391,303
32,364,297
0,354,161
1,357,158
2,358,158
3,359,158
4,356,157
5,356,157
6,356,157
7,364,159
8,361,158
9,357,164
10,356,163
11,378,176
12,367,174
13,388,200
14,374,196
15,372,212
16,372,211
17,367,216
18,372,215
19,364,214
20,372,214
21,367,212
22,372,213
23,395,218
24,382,217
25,390,255
26,368,250
27,400,292
28,379,287
29,402,297
30,385,292
31,392,303
32,364,297
0,353,160
1,356,157
2,357,157
3,358,158
4,355,157
5,355,157
6,355,157
7,363,159
8,360,158
9,356,164
10,354,163
11,377,177
12,366,174
13,384,203
14,373,198
15,369,219
16,373,215
17,366,224
18,372,221
19,364,224
20,372,221
21,365,221
22,373,219
23,395,217
24,382,216
25,390,255
26,365,248
27,401,292
28,374,288
29,403,296
30,380,293
31,392,304
32,358,298
0,353,160
1,356,158
2,356,158
3,357,158
4,355,157
5,355,157
6,355,157
7,363,159
8,359,159
9,356,164
10,354,163
11,377,178
12,365,174
13,382,204
14,374,198
15,368,220
16,375,216
17,365,226
18,375,221
19,363,224
20,375,221
21,364,223
22,375,219
23,395,217
24,382,215
25,390,255
26,365,247
27,402,292
28,373,288
29,404,296
30,379,293
31,393,305
32,357,298
0,354,160
1,356,158
2,357,158
3,358,158
4,355,157
5,356,157
6,356,157
7,363,159
8,360,159
9,356,164
10,355,163
11,377,179
12,365,176
13,381,206
14,372,202
15,371,223
16,373,223
17,371,230
18,367,228
19,371,229
20,368,228
21,371,227
22,371,227
23,396,217
24,382,215
25,389,255
26,364,247
27,403,292
28,374,289
29,405,296
30,379,294
31,394,305
32,357,298
0,354,161
1,356,158
2,357,158
3,358,158
4,356,158
5,356,157
6,356,157
7,363,160
8,360,159
9,356,164
10,355,164
11,377,179
12,365,177
13,381,207
14,372,203
15,370,225
16,368,225
17,371,230
18,364,229
19,371,229
20,366,229
21,371,228
22,366,228
23,397,218
24,382,216
25,389,255
26,364,248
27,403,293
28,374,289
29,406,296
30,379,294
31,394,305
32,357,298
0,356,164
1,358,162
2,359,162
3,360,162
4,356,162
5,356,161
6,356,161
7,364,163
8,361,162
9,359,168
10,357,167
11,379,180
12,365,178
13,380,208
14,370,204
15,370,226
16,363,227
17,369,231
18,360,231
19,368,231
20,361,232
21,368,229
22,362,230
23,398,218
24,382,218
25,386,255
26,363,248
27,404,293
28,375,289
29,407,295
30,380,293
31,396,305
32,360,298
0,356,165
1,359,162
2,359,162
3,360,162
4,357,162
5,357,162
6,357,162
7,365,163
8,361,163
9,359,168
10,358,168
11,380,180
12,365,179
13,380,208
14,370,205
15,368,227
16,362,227
17,367,231
18,357,232
19,366,231
20,360,233
21,367,229
22,361,231
23,398,219
24,382,218
25,385,255
26,363,249
27,404,293
28,375,288
29,407,295
30,380,293
31,397,303
32,360,299
0,357,165
1,359,162
2,360,162
3,361,162
4,358,162
5,358,162
6,358,162
7,366,163
8,361,163
9,361,168
10,359,168
11,382,181
12,364,180
13,383,208
14,366,205
15,368,228
16,356,227
17,366,233
18,353,232
19,362,232
20,353,233
21,363,230
22,355,231
23,398,219
24,383,219
25,386,255
26,362,250
27,405,292
28,376,288
29,409,295
30,381,293
31,401,303
32,361,299
0,358,165
1,360,162
2,361,162
3,362,162
4,358,162
5,358,162
6,358,162
7,366,163
8,362,163
9,361,168
10,359,168
11,383,181
12,364,180
13,383,208
14,365,206
15,367,228
16,355,228
17,365,234
18,352,232
19,361,233
20,352,233
21,361,230
22,354,231
23,398,219
24,383,220
25,386,255
26,362,251
27,406,292
28,377,288
29,409,294
30,382,293
31,402,303
32,361,299
0,361,165
1,363,162
2,364,162
3,365,162
4,362,162
5,362,162
6,361,162
7,369,163
8,364,163
9,364,168
10,362,168
11,386,181
12,364,182
13,383,208
14,363,207
15,359,227
16,345,226
17,354,232
18,340,230
19,351,232
20,340,231
21,353,230
22,342,229
23,398,222
24,383,222
25,384,256
26,362,252
27,407,292
28,377,288
29,412,294
30,383,292
31,402,303
32,362,299
0,362,165
1,364,162
2,365,162
3,365,162
4,363,163
5,363,162
6,363,162
7,369,163
8,366,163
9,364,169
10,363,169
11,386,181
12,365,183
13,384,208
14,362,207
15,360,227
16,345,225
17,355,231
18,339,229
19,352,231
20,339,230
21,353,229
22,342,228
23,398,223
24,383,223
25,386,256
26,362,254
27,408,292
28,378,288
29,413,294
30,384,292
31,402,302
32,363,299
0,363,166
1,365,163
2,367,162
3,368,162
4,364,163
5,364,163
6,364,163
7,372,163
8,368,164
9,366,169
10,364,169
11,389,181
12,365,182
13,383,208
14,358,206
15,358,219
16,341,218
17,352,220
18,335,220
19,352,215
20,335,219
21,354,215
22,338,219
23,400,224
24,383,224
25,386,256
26,363,256
27,410,292
28,380,288
29,414,294
30,386,292
31,404,301
32,366,299
0,364,167
1,366,163
2,367,163
3,368,163
4,365,163
5,365,163
6,365,163
7,373,163
8,368,164
9,367,170
10,365,170
11,390,182
12,366,183
13,383,209
14,357,206
15,358,216
16,340,217
17,351,217
18,334,218
19,352,212
20,333,218
21,354,212
22,336,218
23,401,224
24,384,225
25,385,257
26,364,256
27,410,291
28,381,288
29,414,293
30,387,292
31,404,301
32,368,299
0,366,166
1,370,163
2,371,163
3,372,163
4,369,163
5,369,163
6,368,163
7,375,163
8,372,164
9,369,170
10,367,170
11,391,181
12,368,183
13,369,201
14,357,199
15,347,207
16,341,205
17,341,208
18,337,206
19,342,204
20,337,205
21,345,204
22,339,205
23,402,225
24,386,226
25,387,259
26,365,257
27,413,291
28,384,288
29,417,293
30,390,293
31,407,301
32,373,300
0,367,166
1,371,163
2,372,163
3,372,163
4,370,163
5,370,163
6,370,163
7,376,164
8,373,164
9,369,170
10,368,169
11,389,181
12,370,183
13,365,198
14,358,196
15,345,203
16,343,200
17,340,203
18,339,200
19,340,200
20,340,199
21,343,200
22,341,199
23,403,225
24,387,226
25,387,260
26,365,257
27,413,291
28,385,288
29,417,293
30,390,292
31,408,301
32,374,300
0,370,169
1,372,165
2,373,165
3,374,165
4,371,166
5,371,166
6,371,166
7,378,165
8,374,166
9,372,172
10,371,172
11,391,181
12,373,183
13,364,187
14,353,188
15,344,177
16,338,183
17,338,174
18,331,177
19,340,171
20,333,175
21,342,173
22,337,181
23,403,226
24,389,227
25,389,262
26,367,257
27,414,291
28,388,288
29,419,293
30,394,292
31,409,299
32,377,300
0,371,168
1,373,165
2,374,165
3,375,165
4,373,165
5,373,165
6,373,165
7,379,165
8,377,166
9,373,171
10,372,171
11,390,181
12,375,182
13,363,185
14,355,186
15,344,177
16,339,185
17,339,174
18,335,183
19,341,172
20,336,181
21,343,173
22,338,183
23,403,226
24,390,227
25,389,262
26,368,257
27,414,292
28,388,289
29,419,293
30,394,292
31,410,301
32,377,300
0,374,163
1,377,160
2,377,160
3,378,160
4,375,161
5,375,161
6,375,161
7,382,162
8,377,163
9,377,165
10,374,166
11,394,177
12,375,181
13,370,180
14,351,181
15,354,164
16,341,161
17,354,159
18,337,155
19,357,156
20,337,153
21,358,159
22,340,156
23,403,225
24,389,227
25,392,262
26,370,257
27,418,292
28,390,289
29,422,293
30,396,292
31,412,303
32,380,300
0,373,162
1,376,160
2,377,160
3,378,160
4,374,160
5,374,160
6,374,161
7,382,161
8,377,163
9,376,165
10,374,166
11,395,176
12,375,180
13,370,179
14,350,182
15,358,161
16,342,162
17,355,156
18,337,156
19,358,153
20,338,154
21,359,155
22,340,156
23,403,225
24,388,226
25,394,263
26,371,258
27,417,292
28,391,289
29,421,293
30,397,293
31,412,303
32,380,300
0,377,159
1,379,157
2,380,157
3,381,157
4,376,157
5,376,158
6,375,158
7,384,158
8,377,160
9,380,161
10,378,162
11,397,173
12,377,174
13,382,171
14,351,171
15,365,151
16,347,148
17,360,147
18,346,143
19,362,145
20,348,142
21,364,147
22,349,144
23,403,222
24,389,224
25,399,262
26,376,258
27,420,292
28,395,291
29,424,294
30,400,293
31,419,303
32,386,301
0,377,160
1,379,157
2,380,157
3,381,157
4,377,158
5,377,158
6,376,158
7,384,158
8,378,160
9,381,162
10,378,163
11,397,172
12,378,173
13,380,171
14,351,171
15,362,150
16,348,148
17,358,144
18,347,140
19,361,142
20,349,140
21,362,145
22,349,142
23,403,221
24,389,223
25,401,262
26,377,258
27,421,292
28,396,290
29,424,294
30,400,293
31,422,303
32,389,301
0,376,151
1,377,147
2,378,146
3,379,146
4,375,148
5,375,148
6,375,148
7,384,148
8,378,148
9,379,153
10,376,153
11,398,161
12,377,164
13,380,155
14,349,161
15,369,133
16,352,136
17,366,129
18,354,131
19,368,127
20,356,130
21,368,130
22,356,132
23,403,216
24,388,219
25,407,257
26,382,257
27,422,292
28,395,290
29,423,295
30,399,293
31,429,300
32,389,300
0,377,150
1,378,146
2,379,146
3,380,146
4,377,147
5,376,147
6,376,147
7,385,146
8,380,148
9,380,153
10,378,154
11,398,161
12,378,163
13,380,160
14,351,162
15,370,136
16,353,139
17,366,131
18,353,134
19,369,131
20,357,132
21,369,133
22,357,135
23,403,216
24,388,218
25,408,257
26,383,256
27,423,292
28,395,290
29,423,296
30,398,293
31,429,300
32,390,300
0,376,136
1,377,130
2,377,129
3,378,129
4,375,130
5,374,130
6,374,130
7,381,129
8,375,131
9,379,139
10,377,140
11,397,151
12,377,154
13,388,156
14,349,152
15,382,130
16,359,131
17,380,123
18,365,124
19,379,123
20,367,123
21,380,125
22,366,126
23,402,211
24,387,213
25,412,253
26,388,254
27,423,290
28,396,290
29,422,295
30,400,293
31,428,298
32,392,298
0,379,144
1,380,139
2,381,139
3,381,139
4,377,140
5,377,140
6,376,139
7,386,138
8,377,140
9,382,146
10,379,147
11,400,157
12,377,157
13,391,156
14,350,153
15,379,131
16,362,130
17,380,123
18,367,124
19,380,125
20,369,124
21,380,127
22,368,127
23,402,212
24,387,214
25,412,253
26,389,254
27,423,289
28,396,290
29,423,295
30,399,293
31,428,297
32,392,297
0,381,147
1,382,143
2,383,142
3,383,141
4,380,143
5,379,143
6,378,142
7,386,140
8,379,141
9,383,148
10,381,149
11,400,156
12,378,155
13,388,155
14,351,146
15,383,126
16,368,126
17,382,120
18,374,120
19,384,120
20,376,121
21,384,123
22,375,123
23,402,210
24,387,213
25,413,250
26,392,251
27,423,286
28,400,288
29,423,292
30,407,292
31,425,295
32,394,297
0,382,147
1,383,143
2,384,143
3,384,142
4,381,144
5,380,144
6,379,143
7,387,140
8,379,142
9,384,148
10,381,149
11,402,157
12,378,155
13,393,158
14,351,146
15,387,131
16,369,127
17,383,122
18,375,121
19,385,123
20,376,121
21,387,125
22,375,124
23,402,210
24,387,213
25,412,249
26,393,251
27,423,286
28,401,287
29,423,292
30,408,292
31,424,294
32,395,297
0,385,145
1,387,142
2,388,142
3,390,141
4,384,143
5,384,142
6,383,142
7,391,140
8,382,141
9,388,147
10,384,147
11,403,156
12,378,153
13,394,157
14,351,144
15,388,132
16,373,125
17,386,124
18,380,120
19,387,124
20,382,121
21,388,127
22,379,124
23,402,208
24,387,211
25,411,248
26,395,250
27,422,284
28,405,287
29,423,289
30,411,291
31,423,294
32,400,298
0,385,144
1,387,141
2,388,141
3,389,140
4,384,141
5,384,141
6,383,141
7,391,139
8,383,139
9,387,145
10,384,145
11,403,155
12,379,152
13,391,151
14,352,144
15,383,127
16,372,125
17,384,121
18,379,120
19,386,122
20,381,121
21,386,125
22,378,123
23,403,208
24,388,211
25,411,248
26,395,250
27,422,283
28,407,286
29,423,289
30,412,291
31,421,293
32,400,298
0,388,143
1,390,139
2,390,139
3,391,139
4,388,140
5,388,139
6,387,139
7,393,138
8,388,138
9,390,144
10,388,144
11,404,155
12,381,151
13,390,148
14,355,143
15,382,123
16,372,123
17,382,118
18,378,118
19,385,119
20,381,118
21,385,121
22,380,121
23,402,207
24,390,210
25,410,248
26,398,249
27,421,283
28,410,285
29,423,288
30,414,290
31,420,294
32,402,298
0,387,142
1,388,139
2,389,139
3,390,139
4,387,139
5,387,139
6,386,139
7,392,137
8,387,137
9,389,144
10,387,144
11,404,153
12,382,151
13,389,151
14,355,145
15,382,125
16,371,124
17,382,118
18,376,118
19,384,118
20,378,118
21,384,121
22,377,121
23,402,206
24,391,209
25,410,247
26,398,248
27,421,283
28,411,284
29,423,288
30,415,289
31,418,294
32,403,297
0,390,142
1,391,139
2,391,139
3,392,139
4,391,139
5,391,139
6,391,138
7,394,138
8,393,138
9,391,144
10,391,143
11,399,153
12,392,152
13,376,144
14,362,144
15,373,122
16,369,121
17,374,116
18,375,117
19,376,116
20,377,117
21,376,118
22,376,120
23,400,207
24,400,207
25,407,247
26,406,247
27,418,283
28,415,283
29,423,289
30,421,288
31,417,294
32,412,296
0,391,142
1,392,139
2,392,139
3,392,139
4,392,138
5,392,138
6,393,138
7,394,138
8,395,137
9,392,143
10,392,143
11,396,153
12,399,152
13,364,144
14,375,141
15,372,122
16,369,121
17,373,117
18,375,116
19,376,117
20,377,116
21,376,120
22,376,119
23,398,207
24,402,207
25,405,248
26,408,247
27,417,284
28,416,282
29,422,290
30,422,288
31,415,294
32,413,295
0,392,142
1,393,139
2,393,139
3,393,139
4,393,139
5,394,139
6,394,139
7,395,138
8,396,138
9,392,144
10,392,144
11,397,154
12,396,153
13,370,140
14,374,141
15,372,116
16,369,118
17,372,111
18,372,112
19,376,110
20,377,110
21,376,113
22,374,112
23,399,207
24,403,207
25,406,248
26,409,246
27,416,284
28,416,282
29,421,290
30,420,288
31,413,294
32,414,291
0,391,142
1,393,139
2,394,139
3,394,139
4,393,139
5,393,139
6,393,139
7,397,139
8,395,139
9,393,145
10,392,144
11,403,154
12,393,153
13,385,140
14,370,143
15,377,114
16,366,119
17,374,108
18,368,111
19,377,108
20,372,110
21,377,110
22,372,112
23,400,208
24,400,208
25,406,248
26,408,246
27,417,285
28,417,282
29,421,291
30,421,289
31,413,295
32,412,292
0,395,142
1,396,140
2,396,140
3,396,140
4,396,139
5,397,139
6,397,139
7,397,141
8,398,139
9,395,145
10,395,144
11,403,154
12,399,153
13,384,140
14,375,138
15,372,113
16,365,112
17,366,106
18,365,106
19,371,106
20,366,104
21,371,108
22,368,107
23,401,208
24,404,208
25,406,249
26,409,246
27,417,286
28,417,283
29,420,292
30,420,290
31,411,296
32,412,293
0,395,142
1,396,140
2,396,140
3,395,140
4,396,139
5,397,139
6,397,139
7,397,142
8,399,139
9,395,145
10,395,144
11,400,154
12,404,153
13,376,139
14,378,136
15,368,111
16,365,110
17,363,104
18,363,105
19,368,104
20,364,103
21,369,106
22,364,105
23,400,209
24,408,208
25,406,250
26,410,247
27,417,288
28,417,284
29,420,292
30,421,290
31,412,296
32,413,293
0,397,143
1,398,141
2,397,141
3,397,142
4,399,140
5,400,140
6,400,139
7,399,143
8,403,140
9,396,146
10,398,145
11,401,154
12,406,153
13,378,140
14,382,134
15,364,115
16,363,112
17,360,109
18,361,106
19,362,108
20,358,105
21,364,110
22,362,108
23,402,209
24,409,208
25,408,250
26,411,248
27,417,289
28,417,286
29,420,294
30,421,293
31,412,298
32,412,294
0,397,144
1,398,142
2,399,143
3,399,143
4,398,142
5,398,141
6,398,141
7,402,144
8,400,142
9,397,147
10,397,146
11,411,155
12,405,153
13,393,140
14,379,136
15,369,117
16,357,114
17,363,111
18,350,109
19,366,110
20,350,108
21,367,112
22,353,110
23,408,209
24,405,209
25,410,250
26,409,250
27,417,290
28,416,288
29,420,295
30,420,293
31,412,299
32,411,295
0,401,146
1,402,144
2,402,145
3,402,145
4,404,143
5,404,142
6,405,142
7,404,146
8,406,144
9,401,149
10,402,147
11,408,157
12,408,156
13,389,141
14,381,136
15,367,121
16,359,114
17,359,116
18,354,110
19,363,114
20,353,109
21,365,116
22,355,111
23,408,211
24,410,211
25,411,253
26,411,254
27,417,293
28,418,291
29,421,296
30,421,295
31,412,302
32,412,297
0,401,147
1,402,145
2,402,146
3,403,146
4,403,144
5,403,144
6,403,144
7,405,147
8,405,145
9,401,150
10,401,149
11,411,159
12,404,156
13,388,142
14,379,137
15,367,121
16,359,114
17,358,117
18,353,111
19,361,115
20,354,110
21,365,116
22,356,112
23,410,212
24,407,213
25,412,255
26,411,256
27,418,294
28,418,291
29,421,297
30,421,296
31,411,302
32,412,298
0,406,149
1,407,147
2,406,148
3,405,149
4,409,146
5,410,146
6,411,145
7,406,150
8,412,148
9,405,152
10,407,150
11,410,161
12,417,162
13,382,144
14,388,140
15,365,123
16,369,118
17,359,118
18,366,114
19,362,117
20,361,111
21,364,119
22,362,113
23,409,218
24,418,217
25,413,261
26,415,260
27,418,299
28,419,296
29,423,312
30,424,309
31,409,317
32,412,302
0,406,150
1,408,149
2,408,149
3,408,149
4,408,148
5,408,148
6,408,147
7,410,151
8,409,150
9,406,153
10,406,153
11,416,163
12,410,163
13,389,145
14,383,143
15,371,125
16,367,120
17,364,120
18,362,116
19,365,119
20,360,114
21,366,121
22,361,116
23,414,219
24,413,219
25,416,263
26,414,263
27,419,299
28,419,296
29,425,313
30,423,303
31,409,319
32,412,315
0,411,154
1,412,153
2,411,154
3,411,154
4,414,152
5,415,151
6,415,151
7,411,156
8,417,154
9,410,157
10,412,156
11,413,168
12,422,167
13,385,151
14,395,146
15,371,129
16,378,127
17,364,125
18,374,121
19,366,124
20,373,121
21,367,126
22,373,123
23,413,225
24,422,224
25,416,270
26,418,268
27,420,304
28,421,300
29,427,318
30,428,315
31,411,326
32,416,319
0,410,159
1,413,156
2,413,157
3,414,157
4,411,156
5,411,156
6,411,156
7,416,157
8,413,157
9,411,161
10,410,161
11,422,170
12,418,168
13,398,155
14,391,150
15,380,132
16,374,127
17,373,126
18,372,122
19,374,125
20,369,121
21,375,127
22,370,123
23,420,225
24,421,226
25,420,270
26,416,269
27,422,305
28,421,311
29,429,318
30,426,316
31,415,327
32,415,324
0,417,162
1,417,160
2,417,161
3,417,161
4,419,159
5,420,159
6,421,158
7,417,163
8,423,160
9,416,164
10,418,163
11,418,175
12,428,174
13,394,160
14,401,155
15,378,136
16,383,133
17,371,132
18,380,129
19,372,131
20,379,128
21,374,133
22,379,130
23,419,232
24,426,231
25,419,279
26,420,275
27,425,317
28,426,316
29,430,321
30,430,322
31,419,330
32,419,326
0,415,165
1,416,163
2,416,163
3,416,163
4,417,162
5,418,161
6,418,161
7,418,164
8,420,162
9,415,167
10,415,166
11,424,177
12,421,174
13,395,162
14,394,156
15,380,139
16,379,134
17,373,134
18,374,128
19,375,133
20,374,126
21,377,135
22,375,131
23,422,232
24,420,232
25,422,276
26,420,274
27,426,316
28,425,317
29,431,320
30,429,322
31,420,328
32,418,327
0,422,167
1,423,166
2,422,167
3,422,167
4,425,165
5,426,164
6,427,164
7,422,169
8,428,166
9,422,170
10,424,169
11,425,183
12,434,180
13,397,167
14,405,159
15,379,143
16,388,139
17,373,140
18,385,135
19,376,139
20,381,133
21,378,140
22,382,136
23,424,239
24,432,238
25,426,281
26,426,279
27,431,318
28,431,317
29,436,320
30,435,322
31,425,330
32,425,327
0,421,172
1,423,170
2,424,170
3,425,170
4,422,169
5,422,168
6,422,168
7,427,170
8,424,169
9,423,175
10,421,174
11,436,184
12,429,181
13,415,169
14,398,163
15,393,145
16,386,141
17,388,141
18,376,138
19,388,141
20,377,137
21,389,142
22,381,138
23,433,239
24,426,240
25,432,279
26,423,279
27,436,316
28,428,318
29,439,319
30,432,323
31,433,330
32,422,330
0,432,178
1,434,177
2,434,177
3,435,177
4,433,176
5,433,175
6,433,175
7,437,178
8,434,177
9,432,181
10,431,180
11,444,191
12,428,187
13,419,173
14,401,170
15,401,149
16,382,147
17,394,146
18,375,145
19,394,145
20,376,144
21,394,147
22,379,145
23,439,248
24,427,248
25,437,289
26,426,290
27,441,325
28,433,327
29,442,328
30,437,331
31,439,339
32,429,340
0,431,183
1,434,181
2,435,181
3,436,181
4,431,180
5,431,180
6,430,179
7,438,181
8,430,180
9,433,186
10,430,185
11,446,193
12,425,191
13,426,176
14,400,173
15,404,151
16,380,149
17,400,147
18,374,146
19,398,146
20,375,145
21,399,148
22,377,146
23,442,249
24,425,250
25,441,288
26,426,288
27,443,323
28,432,325
29,444,326
30,435,329
31,440,336
32,428,338
0,436,191
1,439,189
2,440,188
3,441,188
4,436,189
5,435,188
6,434,188
7,443,188
8,436,189
9,439,193
10,435,193
11,453,200
12,432,198
13,434,181
14,406,182
15,414,158
16,389,160
17,409,152
18,382,156
19,408,151
20,383,154
21,409,154
22,387,155
23,448,257
24,432,257
25,446,294
26,429,296
27,446,331
28,434,334
29,447,333
30,437,337
31,443,344
32,431,346
0,438,189
1,441,187
2,442,187
3,442,187
4,438,186
5,438,186
6,437,185
7,444,187
8,439,186
9,440,192
10,437,191
11,453,200
12,434,199
13,437,184
14,410,183
15,414,161
16,392,163
17,409,155
18,386,158
19,408,154
20,387,156
21,409,156
22,390,157
23,447,257
24,434,258
25,446,294
26,432,294
27,448,330
28,437,332
29,449,332
30,439,336
31,442,343
32,433,344
0,444,202
1,446,199
2,447,199
3,448,199
4,443,199
5,443,199
6,442,199
7,451,198
8,445,199
9,447,203
10,444,204
11,463,208
12,442,208
13,444,191
14,416,193
15,426,170
16,401,174
17,420,162
18,398,168
19,419,161
20,400,166
21,420,164
22,402,168
23,457,266
24,440,266
25,454,311
26,438,310
27,454,339
28,442,342
29,455,342
30,444,345
31,449,351
32,439,355
0,448,199
1,451,196
2,452,196
3,453,196
4,448,196
5,448,196
6,447,196
7,455,197
8,448,197
9,450,201
10,447,202
11,463,209
12,442,209
13,448,192
14,416,196
15,426,169
16,403,175
17,421,162
18,399,168
19,420,162
20,401,166
21,421,164
22,404,168
23,458,266
24,441,267
25,456,303
26,439,305
27,458,346
28,443,347
29,459,350
30,444,351
31,453,358
32,442,359
0,454,206
1,457,203
2,458,203
3,459,203
4,454,203
5,453,203
6,452,203
7,462,203
8,455,204
9,458,208
10,454,209
11,473,218
12,450,217
13,454,198
14,421,206
15,437,176
16,410,182
17,431,169
18,405,177
19,431,168
20,408,175
21,432,171
22,410,177
23,466,277
24,448,276
25,464,321
26,442,318
27,463,358
28,445,358
29,464,362
30,446,363
31,457,369
32,443,371
0,457,204
1,460,201
2,462,201
3,463,202
4,457,201
5,456,202
6,456,202
7,466,203
8,458,204
9,460,207
10,456,208
11,474,219
12,450,219
13,458,203
14,422,207
15,440,178
16,411,182
17,435,171
18,407,177
19,434,170
20,409,175
21,435,172
22,411,176
23,467,276
24,448,275
25,465,322
26,442,313
27,462,360
28,443,360
29,463,365
30,444,364
31,455,372
32,442,372
0,465,212
1,468,211
2,469,211
3,470,211
4,466,211
5,465,211
6,464,211
7,473,211
8,467,212
9,469,216
10,465,216
11,482,227
12,461,227
13,466,212
14,431,219
15,450,188
16,420,193
17,446,181
18,418,188
19,445,181
20,420,186
21,447,183
22,422,188
23,475,287
24,459,285
25,474,331
26,447,322
27,470,367
28,451,366
29,471,372
30,454,370
31,464,378
32,449,379
0,467,210
1,469,208
2,470,209
3,471,209
4,468,208
5,467,207
6,467,207
7,474,210
8,469,210
9,469,214
10,466,213
11,482,227
12,461,226
13,467,211
14,431,219
15,450,184
16,423,190
17,444,178
18,421,185
19,446,178
20,424,184
21,446,180
22,425,185
23,474,283
24,460,282
25,472,328
26,448,323
27,470,366
28,451,366
29,471,371
30,454,371
31,465,377
32,449,379
0,474,213
1,477,211
2,478,211
3,479,212
4,476,211
5,476,211
6,476,211
7,483,213
8,479,213
9,477,217
10,476,216
11,493,231
12,471,231
13,475,228
14,439,228
15,459,202
16,432,204
17,454,192
18,429,200
19,457,191
20,433,199
21,457,195
22,433,200
23,482,286
24,467,286
25,478,330
26,454,325
27,475,366
28,457,365
29,475,371
30,459,370
31,469,376
32,454,377
0,477,214
1,479,212
2,479,212
3,480,212
4,478,211
5,478,211
6,478,211
7,483,214
8,481,213
9,479,218
10,478,217
11,494,231
12,471,231
13,470,223
14,439,229
15,450,201
16,433,206
17,446,197
18,429,200
19,446,195
20,433,198
21,448,198
22,434,201
23,483,284
24,469,283
25,477,326
26,453,319
27,475,360
28,460,359
29,476,364
30,463,361
31,470,371
32,457,371
0,485,216
1,488,213
2,489,213
3,490,213
4,486,213
5,485,213
6,485,213
7,494,213
8,488,213
9,488,219
10,485,218
11,508,231
12,478,231
13,494,233
14,451,236
15,474,212
16,442,215
17,470,207
18,437,210
19,472,206
20,438,209
21,472,208
22,441,210
23,499,288
24,479,288
25,497,331
26,470,326
27,495,366
28,475,365
29,495,371
30,477,369
31,488,377
32,472,378
0,483,213
1,487,210
2,488,210
3,489,211
4,485,210
5,485,210
6,485,210
7,493,212
8,489,211
9,487,217
10,484,216
11,508,231
12,478,231
13,488,236
14,453,237
15,460,214
16,444,216
17,453,210
18,439,212
19,459,208
20,440,210
21,458,210
22,442,212
23,499,288
24,481,287
25,498,328
26,472,324
27,496,362
28,478,362
29,497,367
30,480,367
31,490,373
32,475,375
0,493,214
1,496,212
2,498,212
3,499,212
4,495,212
5,495,212
6,495,212
7,506,213
8,502,212
9,498,217
10,496,217
11,524,232
12,492,233
13,506,246
14,472,244
15,479,224
16,453,228
17,471,222
18,448,225
19,475,216
20,448,222
21,475,219
22,451,224
23,514,292
24,493,289
25,508,333
26,487,330
27,507,369
28,488,367
29,508,375
30,489,371
31,501,378
32,486,380
0,497,212
1,500,210
2,501,210
3,501,210
4,498,210
5,498,210
6,498,210
7,507,212
8,503,211
9,499,215
10,497,215
11,523,231
12,493,231
13,507,245
14,472,245
15,480,223
16,455,230
17,476,218
18,448,227
19,475,216
20,448,225
21,476,218
22,451,226
23,513,289
24,492,286
25,508,330
26,486,328
27,507,368
28,487,365
29,509,374
30,488,369
31,501,376
32,484,377
0,506,211
1,511,209
2,511,209
3,510,209
4,512,209
5,513,209
6,514,209
7,510,212
8,516,210
9,511,214
10,512,214
11,510,233
12,520,229
13,493,250
14,503,243
15,471,245
16,477,243
17,465,243
18,473,241
19,467,240
20,472,241
21,469,241
22,474,241
23,512,287
24,510,285
25,506,325
26,499,326
27,507,366
28,499,363
29,508,372
30,500,368
31,503,368
32,495,376
0,507,213
1,513,209
2,513,209
3,512,209
4,513,209
5,513,209
6,513,209
7,514,212
8,517,210
9,513,214
10,513,214
11,521,232
12,525,226
13,498,251
14,506,241
15,474,246
16,483,247
17,467,246
18,478,247
19,467,243
20,476,247
21,470,243
22,478,248
23,521,277
24,523,276
25,508,270
26,508,280
27,502,292
28,501,289
29,502,298
30,501,292
31,495,286
32,494,285
