0,314,149
1,309,146
2,309,146
3,313,145
4,313,145
5,313,144
6,314,144
7,315,143
8,317,141
9,315,146
10,317,150
11,321,150
12,335,145
13,304,165
14,323,155
15,296,148
16,307,145
17,294,142
18,305,142
19,296,141
20,305,140
21,297,143
22,306,142
23,350,205
24,364,202
25,323,238
26,370,242
27,330,285
28,385,287
29,336,291
30,389,292
31,314,292
32,371,293
0,311,148
1,308,144
2,308,143
3,308,143
4,309,143
5,309,143
6,310,142
7,311,140
8,314,138
9,314,145
10,314,146
11,320,152
12,335,144
13,303,168
14,323,156
15,294,149
16,306,147
17,289,144
18,305,142
19,291,142
20,305,141
21,295,144
22,305,143
23,349,205
24,363,202
25,324,238
26,369,242
27,325,285
28,385,286
29,329,291
30,389,291
31,306,292
32,372,293
0,311,142
1,309,138
2,308,138
3,309,138
4,309,138
5,310,137
6,310,136
7,311,136
8,314,135
9,314,143
10,314,142
11,319,152
12,336,144
13,303,169
14,329,160
15,294,149
16,307,149
17,288,145
18,310,148
19,290,143
20,309,147
21,294,145
22,310,148
23,348,205
24,363,202
25,325,238
26,369,242
27,323,285
28,385,285
29,328,291
30,389,291
31,304,292
32,372,293
0,311,140
1,309,136
2,309,136
3,309,136
4,309,136
5,310,135
6,311,134
7,312,135
8,315,133
9,314,141
10,315,141
11,319,152
12,337,144
13,303,170
14,329,161
15,293,150
16,307,150
17,287,144
18,310,147
19,291,143
20,309,146
21,294,145
22,309,147
23,348,205
24,363,202
25,325,238
26,368,242
27,323,285
28,385,285
29,328,292
30,389,291
31,304,292
32,372,293
0,311,142
1,310,137
2,310,137
3,309,137
4,310,137
5,311,135
6,311,135
7,312,136
8,315,133
9,315,142
10,315,141
11,318,152
12,337,144
13,302,172
14,335,170
15,291,152
16,323,169
17,286,148
18,322,169
19,288,145
20,321,167
21,291,147
22,321,167
23,347,205
24,362,202
25,326,241
26,368,242
27,319,285
28,385,285
29,322,292
30,389,291
31,296,292
32,373,292
0,313,138
1,314,135
2,314,135
3,313,135
4,314,134
5,315,133
6,315,133
7,316,134
8,319,133
9,315,141
10,315,140
11,318,152
12,337,148
13,302,176
14,327,170
15,290,154
16,304,161
17,285,149
18,297,161
19,288,147
20,300,158
21,290,149
22,301,159
23,346,206
24,359,203
25,326,245
26,368,243
27,314,286
28,385,285
29,315,293
30,390,291
31,291,292
32,373,292
0,313,138
1,314,135
2,314,135
3,314,135
4,314,134
5,315,134
6,315,134
7,317,135
8,320,133
9,315,141
10,315,140
11,318,152
12,336,149
13,302,176
14,323,171
15,290,154
16,300,158
17,284,150
18,296,156
19,288,148
20,299,156
21,290,150
22,300,157
23,346,206
24,358,203
25,326,246
26,367,243
27,313,286
28,386,285
29,315,293
30,390,291
31,290,292
32,373,292
0,313,139
1,314,136
2,314,136
3,314,135
4,314,135
5,315,134
6,315,134
7,317,136
8,320,134
9,315,141
10,316,141
11,315,153
12,334,149
13,302,180
14,323,171
15,290,158
16,303,161
17,285,152
18,299,158
19,287,151
20,299,157
21,289,152
22,300,158
23,343,207
24,356,204
25,326,247
26,367,245
27,312,287
28,386,285
29,313,294
30,390,291
31,288,292
32,374,292
0,314,140
1,313,138
2,313,138
3,314,138
4,314,137
5,315,137
6,315,137
7,316,139
8,320,134
9,315,142
10,316,141
11,315,154
12,333,150
13,302,180
14,323,171
15,289,159
16,300,160
17,284,153
18,294,157
19,287,152
20,297,156
21,289,153
22,298,158
23,343,208
24,355,205
25,326,248
26,366,246
27,312,288
28,386,285
29,313,295
30,391,291
31,289,292
32,374,292
0,314,140
1,314,137
2,313,137
3,313,137
4,315,137
5,315,136
6,316,136
7,315,138
8,320,134
9,315,142
10,316,141
11,312,155
12,332,151
13,302,185
14,326,178
15,288,164
16,306,169
17,283,159
18,301,166
19,286,157
20,299,165
21,288,159
22,300,166
23,341,208
24,353,205
25,324,248
26,364,246
27,310,289
28,386,285
29,311,295
30,391,291
31,287,292
32,374,292
0,314,140
1,314,137
2,314,137
3,313,137
4,315,138
5,316,136
6,316,136
7,315,140
8,320,135
9,315,143
10,316,142
11,312,156
12,332,152
13,302,186
14,328,179
15,288,166
16,311,172
17,283,161
18,308,170
19,285,158
20,304,169
21,287,160
22,305,169
23,341,208
24,352,205
25,324,248
26,363,246
27,310,289
28,386,285
29,311,295
30,391,291
31,289,292
32,374,292
0,309,140
1,309,137
2,308,137
3,307,137
4,310,137
5,311,136
6,312,136
7,308,140
8,315,135
9,310,143
10,311,142
11,309,157
12,330,152
13,303,187
14,323,178
15,288,173
16,301,171
17,284,170
18,296,168
19,286,167
20,293,167
21,288,168
22,295,168
23,337,208
24,350,205
25,319,248
26,360,247
27,309,289
28,385,284
29,311,295
30,391,290
31,288,292
32,374,292
0,309,140
1,308,137
2,307,137
3,307,137
4,309,137
5,310,136
6,311,136
7,307,140
8,314,136
9,309,143
10,311,142
11,309,157
12,329,153
13,303,186
14,323,177
15,289,175
16,302,172
17,285,171
18,297,170
19,287,168
20,296,169
21,288,170
22,297,170
23,337,208
24,349,205
25,319,247
26,358,247
27,309,289
28,384,283
29,311,295
30,390,290
31,288,292
32,373,292
0,306,138
1,305,135
2,304,136
3,303,136
4,307,135
5,307,134
6,308,134
7,305,139
8,312,135
9,306,142
10,309,141
11,307,158
12,327,153
13,309,187
14,325,177
15,296,183
16,311,180
17,293,183
18,308,181
19,293,179
20,306,180
21,294,179
22,307,179
23,334,208
24,346,205
25,316,246
26,352,247
27,309,289
28,381,281
29,311,294
30,389,288
31,288,292
32,373,291
0,305,139
1,304,136
2,304,136
3,303,136
4,306,135
5,307,135
6,308,134
7,305,139
8,311,135
9,306,143
10,308,142
11,307,158
12,327,152
13,310,188
14,328,177
15,299,184
16,318,181
17,296,183
18,316,183
19,295,179
20,314,182
21,297,179
22,314,181
23,333,208
24,345,205
25,317,244
26,350,247
27,309,289
28,379,281
29,311,294
30,386,287
31,288,292
32,373,291
0,303,136
1,302,133
2,302,134
3,301,134
4,305,133
5,305,132
6,307,132
7,303,137
8,310,134
9,304,140
10,306,140
11,305,158
12,323,152
13,312,184
14,326,177
15,310,194
16,319,188
17,311,199
18,318,192
19,310,198
20,316,192
21,311,196
22,316,191
23,330,208
24,340,205
25,314,243
26,342,246
27,308,288
28,373,277
29,311,294
30,381,282
31,287,292
32,370,291
0,301,137
1,301,134
2,300,134
3,300,135
4,303,133
5,304,133
6,305,133
7,302,137
8,308,134
9,302,141
10,305,140
11,306,158
12,322,152
13,312,186
14,323,178
15,304,192
16,318,191
17,302,195
18,318,194
19,303,192
20,315,194
21,304,191
22,314,193
23,329,208
24,339,205
25,315,243
26,343,246
27,308,288
28,372,277
29,311,294
30,379,280
31,288,291
32,369,290
0,300,137
1,299,134
2,298,134
3,298,135
4,301,134
5,302,133
6,303,133
7,300,137
8,307,134
9,301,141
10,303,140
11,305,157
12,320,152
13,311,186
14,319,178
15,303,193
16,306,191
17,300,196
18,303,193
19,302,193
20,300,193
21,303,192
22,301,192
23,327,208
24,336,205
25,314,243
26,338,246
27,308,288
28,366,274
29,311,294
30,373,276
31,290,291
32,367,290
0,299,138
1,298,134
2,298,135
3,297,135
4,300,134
5,301,134
6,302,133
7,300,138
8,306,135
9,300,142
10,302,141
11,305,157
12,318,153
13,311,186
14,317,178
15,301,194
16,301,189
17,299,197
18,297,190
19,300,194
20,295,190
21,302,193
22,296,189
23,326,208
24,336,205
25,314,243
26,336,245
27,308,288
28,364,273
29,311,294
30,371,276
31,290,294
32,365,290
0,294,138
1,294,135
2,294,135
3,293,135
4,296,134
5,297,134
6,298,133
7,296,138
8,303,135
9,295,142
10,298,141
11,302,155
12,316,152
13,310,186
14,316,180
15,295,194
16,302,198
17,292,196
18,299,202
19,292,193
20,296,201
21,291,190
22,298,200
23,324,207
24,332,204
25,314,243
26,328,244
27,309,289
28,358,271
29,311,295
30,366,273
31,290,294
32,360,288
0,295,139
1,294,135
2,294,135
3,294,135
4,297,134
5,298,134
6,299,134
7,296,138
8,303,135
9,296,142
10,298,142
11,302,155
12,317,152
13,310,186
14,317,182
15,290,193
16,303,199
17,286,195
18,300,202
19,285,192
20,297,201
21,286,190
22,298,200
23,323,207
24,333,204
25,313,244
26,329,243
27,309,289
28,357,270
29,312,295
30,366,273
31,290,294
32,358,287
0,290,137
1,290,134
2,290,134
3,290,134
4,292,133
5,293,133
6,294,133
7,294,136
8,299,134
9,291,141
10,293,140
11,299,153
12,312,151
13,308,186
14,314,182
15,290,196
16,304,201
17,286,199
18,301,205
19,285,196
20,299,205
21,286,195
22,300,203
23,322,206
24,330,203
25,313,244
26,324,242
27,309,289
28,350,269
29,312,295
30,358,272
31,290,294
32,346,280
0,289,137
1,289,134
2,289,134
3,289,134
4,291,133
5,292,133
6,293,133
7,293,136
8,298,134
9,290,141
10,292,140
11,298,152
12,311,151
13,307,186
14,314,183
15,290,196
16,304,201
17,286,198
18,301,205
19,285,196
20,299,204
21,287,195
22,300,203
23,322,205
24,330,203
25,313,245
26,325,241
27,309,289
28,350,270
29,312,295
30,357,273
31,289,294
32,347,282
0,285,136
1,286,133
2,286,133
3,286,134
4,287,133
5,288,133
6,289,133
7,291,135
8,294,134
9,287,140
10,288,140
11,297,152
12,307,152
13,306,184
14,308,182
15,290,198
16,298,201
17,287,201
18,296,205
19,286,199
20,294,205
21,288,199
22,295,203
23,321,204
24,325,202
25,311,245
26,317,240
27,309,288
28,342,270
29,312,294
30,349,274
31,289,294
32,334,282
0,286,136
1,286,133
2,286,134
3,286,134
4,287,133
5,288,133
6,289,133
7,290,135
8,294,134
9,287,140
10,289,140
11,296,152
12,307,152
13,304,184
14,308,183
15,291,200
16,298,202
17,288,206
18,296,206
19,287,204
20,294,206
21,289,202
22,295,204
23,321,204
24,326,202
25,311,244
26,316,239
27,308,288
28,341,270
29,312,294
30,349,274
31,289,294
32,333,283
0,280,136
1,281,133
2,282,133
3,282,133
4,282,133
5,283,132
6,284,132
7,287,135
8,289,134
9,282,139
10,283,139
11,294,152
12,301,152
13,304,184
14,307,183
15,291,200
16,295,202
17,288,204
18,291,206
19,287,202
20,289,205
21,288,201
22,291,204
23,319,204
24,323,202
25,308,244
26,312,239
27,309,287
28,330,271
29,313,293
30,337,275
31,290,294
32,319,283
0,280,136
1,281,133
2,281,133
3,281,133
4,283,133
5,283,133
6,284,133
7,285,135
8,289,134
9,282,139
10,284,139
11,293,152
12,302,151
13,303,184
14,308,183
15,291,201
16,296,202
17,288,205
18,293,206
19,287,203
20,291,206
21,288,201
22,293,202
23,319,204
24,323,202
25,307,244
26,312,239
27,310,286
28,329,271
29,313,292
30,336,276
31,293,293
32,320,283
0,274,136
1,276,133
2,276,134
3,276,134
4,277,133
5,278,133
6,279,133
7,280,136
8,283,134
9,276,140
10,277,140
11,289,152
12,297,150
13,301,184
14,306,182
15,290,202
16,297,202
17,287,206
18,295,207
19,285,205
20,293,207
21,286,204
22,293,204
23,318,203
24,319,201
25,302,243
26,307,237
27,310,285
28,317,271
29,313,291
30,331,276
31,293,293
32,315,283
0,275,136
1,276,134
2,276,134
3,276,134
4,277,133
5,278,133
6,278,134
7,281,136
8,284,135
9,277,140
10,278,140
11,289,152
12,298,150
13,301,184
14,308,182
15,290,204
16,303,202
17,287,208
18,303,207
19,285,206
20,301,207
21,286,205
22,301,205
23,318,202
24,318,200
25,302,242
26,304,236
27,310,284
28,316,271
29,313,290
30,330,275
31,293,293
32,314,283
0,273,144
1,274,140
2,274,140
3,274,140
4,275,139
5,275,139
6,276,138
7,278,140
8,280,138
9,275,146
10,276,146
11,287,156
12,294,152
13,299,189
14,304,185
15,287,210
16,300,206
17,285,215
18,300,210
19,283,213
20,297,210
21,284,212
22,297,208
23,317,203
24,317,201
25,300,242
26,304,237
27,308,284
28,315,271
29,311,290
30,321,276
31,289,293
32,301,281
0,273,143
1,274,139
2,274,140
3,274,140
4,274,139
5,275,139
6,275,138
7,278,140
8,280,138
9,275,146
10,276,146
11,287,156
12,295,152
13,299,189
14,303,185
15,287,210
16,296,207
17,285,215
18,295,211
19,283,214
20,293,212
21,284,213
22,293,210
23,317,203
24,317,202
25,298,242
26,302,237
27,307,285
28,310,275
29,311,290
30,315,282
31,288,293
32,298,281
0,270,145
1,271,141
2,271,141
3,271,141
4,272,140
5,273,140
6,273,140
7,275,142
8,277,140
9,272,148
10,272,148
11,284,159
12,289,157
13,296,191
14,298,188
15,284,215
16,290,212
17,282,220
18,288,217
19,281,219
20,286,217
21,282,217
22,286,215
23,315,205
24,314,204
25,295,242
26,295,237
27,303,285
28,300,275
29,307,290
30,305,281
31,283,293
32,285,282
0,269,145
1,271,141
2,271,141
3,271,141
4,272,140
5,272,140
6,273,140
7,275,142
8,277,141
9,271,148
10,272,148
11,284,160
12,289,157
13,296,192
14,298,189
15,284,216
16,290,213
17,282,221
18,288,217
19,281,220
20,285,217
21,281,219
22,286,216
23,315,206
24,313,204
25,294,243
26,295,238
27,301,285
28,299,276
29,306,290
30,305,283
31,281,292
32,285,285
0,270,144
1,271,141
2,271,141
3,271,141
4,272,141
5,272,140
6,273,140
7,274,143
8,277,141
9,271,148
10,272,148
11,283,160
12,288,159
13,292,193
14,294,190
15,280,216
16,285,214
17,279,220
18,283,218
19,277,220
20,281,219
21,278,219
22,282,217
23,314,206
24,310,205
25,297,245
26,283,235
27,301,285
28,293,266
29,305,291
30,298,271
31,281,292
32,279,275
0,270,145
1,271,142
2,271,142
3,271,142
4,271,142
5,272,141
6,273,141
7,275,144
8,277,142
9,271,148
10,272,148
11,283,160
12,287,159
13,292,193
14,293,190
15,280,215
16,283,213
17,279,220
18,283,218
19,278,220
20,281,218
21,279,219
22,281,216
23,313,207
24,309,205
25,298,246
26,281,234
27,300,285
28,291,263
29,305,291
30,296,267
31,281,292
32,277,273
0,269,149
1,270,146
2,270,146
3,271,146
4,271,146
5,271,146
6,272,146
7,275,147
8,276,146
9,270,152
10,271,152
11,284,163
12,286,164
13,288,196
14,287,195
15,271,217
16,275,217
17,268,222
18,272,222
19,266,222
20,270,222
21,268,220
22,272,220
23,313,210
24,308,208
25,288,246
26,281,238
27,300,285
28,292,273
29,305,291
30,297,277
31,281,292
32,278,285
0,269,150
1,270,147
2,270,147
3,270,147
4,271,147
5,271,147
6,272,147
7,275,148
8,276,147
9,271,153
10,271,153
11,284,165
12,286,165
13,287,197
14,287,195
15,270,218
16,274,218
17,268,223
18,273,223
19,266,223
20,270,223
21,268,221
22,273,222
23,313,210
24,308,209
25,292,247
26,278,241
27,300,285
28,291,274
29,305,291
30,296,278
31,282,293
32,277,287
0,269,150
1,271,147
2,271,147
3,271,147
4,271,147
5,271,147
6,272,147
7,275,148
8,276,148
9,271,153
10,271,153
11,284,166
12,285,167
13,283,197
14,282,197
15,260,216
16,261,216
17,254,221
18,257,221
19,253,221
20,254,221
21,255,219
22,256,222
23,312,213
24,308,212
25,282,248
26,279,245
27,299,285
28,293,280
29,304,291
30,298,286
31,282,293
32,279,290
0,269,150
1,270,147
2,271,147
3,271,147
4,271,147
5,272,147
6,272,147
7,275,149
8,276,148
9,271,153
10,271,154
11,285,166
12,286,168
13,281,197
14,281,198
15,258,216
16,261,215
17,250,220
18,257,217
19,252,219
20,255,218
21,254,217
22,256,220
23,311,214
24,308,213
25,281,248
26,280,245
27,299,286
28,294,281
29,304,291
30,299,287
31,282,293
32,278,290
0,269,150
1,270,148
2,270,148
3,270,148
4,270,148
5,271,148
6,272,148
7,275,150
8,276,149
9,271,153
10,271,154
11,284,166
12,285,168
13,271,197
14,271,196
15,244,204
16,249,210
17,238,207
18,245,209
19,238,203
20,242,208
21,241,203
22,243,209
23,307,216
24,306,215
25,274,249
26,276,246
27,298,286
28,293,282
29,303,291
30,297,288
31,282,298
32,277,291
0,269,151
1,270,148
2,270,148
3,271,149
4,270,148
5,271,148
6,272,148
7,275,150
8,276,150
9,271,154
10,271,154
11,284,166
12,285,167
13,272,196
14,270,195
15,243,202
16,247,203
17,238,203
18,244,205
19,238,199
20,241,204
21,240,199
22,243,205
23,306,216
24,305,215
25,274,250
26,275,247
27,298,287
28,293,284
29,303,291
30,297,289
31,282,298
32,276,292
0,269,152
1,270,149
2,270,149
3,271,149
4,271,149
5,271,149
6,272,149
7,275,150
8,276,150
9,271,155
10,271,155
11,284,166
12,285,168
13,271,196
14,270,195
15,243,201
16,246,202
17,237,203
18,243,205
19,237,198
20,241,203
21,239,199
22,242,205
23,307,216
24,304,215
25,275,250
26,274,249
27,298,287
28,294,285
29,303,291
30,298,290
31,282,297
32,277,292
0,269,151
1,270,149
2,271,149
3,271,149
4,271,149
5,272,148
6,272,148
7,275,150
8,276,150
9,271,155
10,271,155
11,284,166
12,285,168
13,266,194
14,265,192
15,241,188
16,240,188
17,234,187
18,233,186
19,236,183
20,233,184
21,238,184
22,235,185
23,304,217
24,303,217
25,272,251
26,275,248
27,298,288
28,294,285
29,303,291
30,298,290
31,282,297
32,278,292
0,269,151
1,271,149
2,271,149
3,271,149
4,271,148
5,272,148
6,272,148
7,276,150
8,276,150
9,271,155
10,272,155
11,284,166
12,285,168
13,265,192
14,264,191
15,239,187
16,239,187
17,232,188
18,232,186
19,234,183
20,232,183
21,237,184
22,234,184
23,304,217
24,302,217
25,272,251
26,274,247
27,298,288
28,293,285
29,304,291
30,298,289
31,282,296
32,276,292
0,267,152
1,270,148
2,271,148
3,271,149
4,269,149
5,269,149
6,270,149
7,276,151
8,275,149
9,270,155
10,269,155
11,284,167
12,278,168
13,254,182
14,252,176
15,236,167
16,236,168
17,231,162
18,233,164
19,233,159
20,234,162
21,235,161
22,235,164
23,301,218
24,296,216
25,269,251
26,271,248
27,297,288
28,292,284
29,303,291
30,298,289
31,281,296
32,276,292
0,268,149
1,270,146
2,271,146
3,271,146
4,269,146
5,270,146
6,270,146
7,276,148
8,276,147
9,270,152
10,270,152
11,282,166
12,280,166
13,252,172
14,256,170
15,237,149
16,240,153
17,231,143
18,236,147
19,234,140
20,237,146
21,236,144
22,238,148
23,297,217
24,296,216
25,270,251
26,273,247
27,297,287
28,293,284
29,303,291
30,298,289
31,281,295
32,277,292
0,268,148
1,271,145
2,272,145
3,272,145
4,270,145
5,271,145
6,271,145
7,276,147
8,276,146
9,270,151
10,270,151
11,281,164
12,281,164
13,251,170
14,256,169
15,237,149
16,240,152
17,230,143
18,236,149
19,234,140
20,236,148
21,235,143
22,237,150
23,296,216
24,295,216
25,269,251
26,272,247
27,296,287
28,293,284
29,303,291
30,298,289
31,281,295
32,277,292
0,262,149
1,262,145
2,263,145
3,263,145
4,262,145
5,262,145
6,263,145
7,267,144
8,267,145
9,266,151
10,265,151
11,278,152
12,279,156
13,257,144
14,261,151
15,247,131
16,247,136
17,244,126
18,246,131
19,246,126
20,247,131
21,247,128
22,246,133
23,292,211
24,291,210
25,271,250
26,272,247
27,296,287
28,293,284
29,302,291
30,298,290
31,280,295
32,277,293
0,253,148
1,252,143
2,252,143
3,253,142
4,252,143
5,252,143
6,252,143
7,256,140
8,256,141
9,257,149
10,257,149
11,269,145
12,275,149
13,269,136
14,287,144
15,271,119
16,300,133
17,270,113
18,305,130
19,271,113
20,303,129
21,272,117
22,302,131
23,288,206
24,289,206
25,272,248
26,273,247
27,296,286
28,292,284
29,302,291
30,297,289
31,280,295
32,275,293
0,246,114
1,247,109
2,248,109
3,249,109
4,247,109
5,248,109
6,253,114
7,260,114
8,258,114
9,251,119
10,252,119
11,270,131
12,269,135
13,269,134
14,264,142
15,264,121
16,270,125
17,266,118
18,278,119
19,264,117
20,271,119
21,268,119
22,269,122
23,284,197
24,283,195
25,279,241
26,281,239
27,292,283
28,292,283
29,295,292
30,296,289
31,279,292
32,277,292
0,254,98
1,253,96
2,252,96
3,252,96
4,256,95
5,257,95
6,258,95
7,255,99
8,261,98
9,255,102
10,257,102
11,254,117
12,281,113
13,255,127
14,286,122
15,252,119
16,286,120
17,250,118
18,288,120
19,252,116
20,287,119
21,254,116
22,285,120
23,267,178
24,281,177
25,281,228
26,288,223
27,290,276
28,288,271
29,293,283
30,292,279
31,286,287
32,291,272
0,253,98
1,252,96
2,252,96
3,252,96
4,254,95
5,255,95
6,256,95
7,255,98
8,260,98
9,254,102
10,256,102
11,255,116
12,281,113
13,256,127
14,290,125
15,250,116
16,305,122
17,247,113
18,311,122
19,249,110
20,310,120
21,251,111
22,306,121
23,268,178
24,281,177
25,284,228
26,288,224
27,290,276
28,289,273
29,292,282
30,292,280
31,288,285
32,288,285
0,257,94
1,259,92
2,260,92
3,261,92
4,258,91
5,258,91
6,258,91
7,264,94
8,262,94
9,259,99
10,259,99
11,277,114
12,259,113
13,270,125
14,252,122
15,255,116
16,252,114
17,252,114
18,252,114
19,253,111
20,253,111
21,253,112
22,252,112
23,276,177
24,268,177
25,288,223
26,279,224
27,290,250
28,289,273
29,291,252
30,294,279
31,288,262
32,277,288
0,258,93
1,261,90
2,262,90
3,262,90
4,260,90
5,260,89
6,260,90
7,266,92
8,263,92
9,261,97
10,260,97
11,277,113
12,257,113
13,270,125
14,252,121
15,255,116
16,255,112
17,252,116
18,256,112
19,253,113
20,256,110
21,254,114
22,256,110
23,277,176
24,267,177
25,288,223
26,278,224
27,289,259
28,289,272
29,292,262
30,294,278
31,279,280
32,272,288
0,257,93
1,260,90
2,261,90
3,261,90
4,259,90
5,260,90
6,260,90
7,264,92
8,263,91
9,260,97
10,259,97
11,271,109
12,264,110
13,258,119
14,257,122
15,246,110
16,248,118
17,244,108
18,246,117
19,245,106
20,246,114
21,246,108
22,246,115
23,275,168
24,270,167
25,281,217
26,276,203
27,289,263
28,289,240
29,294,268
30,294,246
31,275,284
32,276,252
0,258,92
1,260,89
2,261,89
3,261,89
4,261,88
5,261,88
6,261,88
7,264,90
8,265,90
9,261,95
10,260,95
11,271,106
12,267,108
13,253,120
14,258,125
15,244,109
16,248,124
17,243,106
18,245,125
19,245,104
20,246,122
21,245,106
22,246,122
23,274,166
24,271,165
25,278,217
26,277,210
27,288,265
28,288,254
29,296,271
30,295,260
31,273,286
32,277,261
0,258,88
1,260,84
2,261,84
3,261,84
4,260,83
5,261,83
6,261,83
7,264,85
8,265,83
9,260,91
10,259,91
11,270,99
12,268,102
13,253,117
14,258,122
15,246,107
16,250,123
17,248,104
18,249,124
19,250,102
20,249,121
21,250,104
22,250,121
23,274,158
24,271,156
25,275,209
26,275,186
27,286,261
28,288,218
29,295,267
30,294,223
31,269,283
32,276,217
0,258,86
1,259,82
2,260,82
3,260,82
4,260,82
5,260,82
6,261,82
7,263,83
8,265,83
9,260,89
10,259,89
11,269,99
12,269,101
13,254,117
14,256,119
15,250,107
16,252,115
17,251,103
18,252,113
19,253,101
20,252,110
21,253,103
22,252,111
23,273,155
24,271,155
25,274,204
26,276,187
27,286,256
28,288,229
29,295,260
30,294,237
31,271,262
32,275,238
0,257,87
1,259,83
2,260,83
3,260,83
4,260,83
5,260,83
6,261,83
7,263,83
8,265,83
9,259,90
10,259,90
11,269,100
12,269,102
13,255,113
14,256,119
15,252,95
16,252,110
17,253,93
18,252,107
19,255,91
20,252,105
21,255,94
22,252,106
23,272,158
24,272,156
25,273,208
26,276,189
27,285,259
28,288,226
29,295,261
30,294,233
31,271,270
32,276,235
0,252,81
1,253,77
2,253,77
3,253,77
4,254,77
5,255,77
6,256,77
7,257,78
8,260,78
9,254,84
10,254,84
11,261,95
12,269,98
13,251,112
14,258,117
15,240,110
16,248,120
17,239,109
18,247,118
19,240,107
20,244,117
21,240,109
22,244,118
23,267,151
24,272,151
25,271,204
26,276,187
27,282,257
28,287,229
29,292,258
30,293,237
31,262,272
32,273,237
0,244,78
1,245,75
2,246,75
3,247,74
4,245,75
5,246,75
6,246,74
7,252,75
8,252,75
9,247,80
10,247,80
11,261,90
12,262,91
13,251,112
14,256,110
15,236,119
16,240,118
17,233,122
18,238,118
19,232,119
20,235,117
21,233,118
22,235,118
23,268,150
24,269,149
25,270,202
26,274,188
27,278,256
28,284,228
29,288,258
30,290,234
31,256,273
32,271,239
0,241,74
1,241,70
2,242,70
3,242,70
4,243,69
5,243,69
6,244,68
7,246,71
8,248,70
9,244,78
10,245,77
11,258,90
12,261,91
13,252,110
14,257,108
15,239,119
16,244,112
17,237,120
18,243,111
19,236,119
20,241,110
21,237,117
22,240,111
23,267,152
24,268,151
25,271,202
26,273,193
27,277,256
28,281,238
29,287,260
30,288,247
31,255,273
32,267,248
0,250,93
1,257,88
2,257,88
3,257,88
4,257,90
5,257,90
6,257,90
7,259,88
8,260,91
9,256,93
10,256,94
11,258,93
12,270,111
13,250,105
14,268,137
15,239,107
16,250,145
17,237,107
18,245,147
19,238,111
20,242,146
21,239,109
22,243,145
23,267,152
24,269,153
25,269,203
26,271,197
27,274,254
28,277,244
29,282,262
30,283,253
31,253,273
32,261,257
0,256,97
1,260,93
2,260,93
3,260,93
4,260,94
5,260,94
6,260,95
7,262,93
8,263,95
9,258,98
10,258,98
11,259,95
12,273,113
13,251,106
14,271,139
15,243,105
16,254,150
17,240,106
18,248,153
19,241,108
20,243,153
21,245,107
22,246,152
23,267,150
24,270,155
25,268,203
26,271,197
27,274,254
28,276,246
29,281,262
30,282,254
31,253,273
32,261,258
0,257,96
1,260,93
2,261,93
3,261,93
4,260,94
5,261,94
6,261,94
7,264,95
8,265,95
9,258,98
10,258,98
11,260,102
12,272,114
13,245,92
14,269,139
15,227,66
16,254,153
17,226,64
18,249,156
19,223,59
20,244,156
21,225,62
22,249,155
23,267,159
24,271,161
25,265,204
26,271,200
27,270,253
28,274,246
29,276,261
30,280,254
31,250,271
32,261,257
0,257,95
1,260,92
2,261,92
3,261,92
4,260,93
5,261,93
6,261,93
7,264,94
8,265,95
9,258,97
10,258,97
11,260,105
12,271,111
13,247,118
14,263,130
15,228,120
16,246,149
17,228,121
18,241,154
19,227,120
20,240,151
21,226,121
22,242,148
23,266,164
24,271,163
25,265,205
26,269,202
27,269,253
28,273,245
29,277,264
30,278,253
31,249,271
32,260,255
0,256,96
1,260,93
2,260,93
3,261,94
4,260,93
5,260,93
6,261,94
7,265,95
8,265,95
9,258,98
10,258,98
11,265,107
12,266,111
13,245,97
14,245,91
15,227,73
16,227,70
17,219,69
18,219,65
19,220,66
20,219,64
21,223,71
22,222,65
23,266,166
24,269,166
25,263,205
26,266,204
27,265,253
28,270,246
29,272,267
30,275,253
31,245,270
32,258,255
0,256,96
1,259,94
2,260,94
3,260,94
4,259,94
5,260,94
6,260,94
7,265,95
8,264,96
9,258,98
10,258,99
11,266,107
12,265,111
13,244,92
14,251,108
15,226,68
16,230,105
17,218,63
18,226,102
19,219,61
20,225,99
21,222,63
22,226,101
23,267,165
24,268,165
25,262,205
26,266,203
27,264,252
28,270,245
29,268,262
30,274,253
31,245,268
32,257,255
0,256,96
1,260,94
2,260,94
3,261,94
4,259,94
5,260,94
6,260,94
7,265,96
8,264,96
9,257,98
10,257,98
11,267,106
12,265,111
13,245,95
14,254,133
15,228,71
16,237,142
17,219,66
18,233,147
19,220,64
20,232,147
21,223,66
22,233,146
23,267,164
24,267,165
25,260,205
26,264,203
27,262,251
28,267,245
29,266,261
30,273,253
31,243,268
32,254,255
0,256,96
1,259,93
2,260,93
3,261,94
4,259,93
5,260,94
6,260,94
7,265,95
8,264,95
9,258,98
10,257,98
11,268,106
12,264,111
13,246,97
14,250,115
15,228,73
16,229,109
17,219,69
18,224,107
19,219,65
20,224,106
21,225,70
22,225,107
23,267,164
24,267,164
25,261,205
26,264,203
27,262,251
28,266,245
29,266,260
30,271,253
31,244,267
32,253,256
0,250,96
1,251,93
2,252,93
3,253,93
4,252,93
5,253,93
6,253,93
7,261,93
8,258,92
9,254,98
10,253,98
11,269,102
12,260,106
13,246,101
14,241,97
15,228,74
16,223,77
17,219,70
18,215,73
19,220,66
20,215,69
21,224,69
22,217,73
23,267,165
24,265,165
25,260,206
26,261,205
27,260,251
28,263,247
29,264,261
30,268,255
31,240,267
32,249,260
0,246,97
1,247,94
2,248,93
3,249,93
4,247,94
5,248,94
6,249,94
7,259,93
8,256,92
9,251,98
10,250,99
11,269,103
12,259,105
13,246,101
14,241,100
15,228,75
16,222,79
17,219,70
18,214,76
19,220,66
20,214,74
21,224,69
22,216,75
23,267,165
24,265,165
25,260,207
26,261,205
27,259,252
28,263,247
29,264,262
30,268,254
31,239,268
32,250,259
0,247,100
1,250,97
2,251,97
3,252,97
4,248,98
5,249,98
6,249,98
7,259,95
8,257,97
9,252,101
10,251,101
11,270,107
12,259,108
13,246,106
14,237,96
15,229,81
16,222,76
17,221,73
18,215,71
19,222,67
20,215,69
21,227,77
22,217,72
23,267,171
24,265,170
25,258,211
26,259,209
27,258,255
28,260,250
29,262,268
30,264,256
31,236,271
32,247,261
0,250,99
1,254,97
2,255,97
3,255,96
4,252,97
5,252,97
6,253,97
7,261,97
8,259,97
9,254,100
10,252,100
11,269,111
12,260,109
13,246,107
14,240,94
15,229,82
16,223,77
17,220,75
18,216,72
19,222,69
20,216,70
21,226,77
22,218,73
23,266,172
24,265,170
25,258,212
26,260,210
27,257,256
28,260,250
29,261,267
30,264,257
31,237,271
32,247,261
0,250,101
1,254,98
2,255,98
3,256,98
4,253,99
5,253,99
6,253,99
7,262,100
8,259,99
9,254,102
10,253,103
11,270,112
12,260,110
13,247,113
14,239,99
15,228,85
16,223,82
17,221,79
18,214,78
19,222,75
20,214,76
21,226,79
22,218,78
23,266,176
24,264,174
25,256,217
26,257,212
27,253,262
28,258,253
29,256,272
30,263,260
31,232,276
32,248,261
0,250,104
1,253,101
2,254,101
3,255,101
4,252,101
5,253,101
6,253,101
7,262,100
8,259,101
9,253,105
10,252,105
11,269,115
12,260,112
13,246,115
14,239,98
15,227,89
16,223,82
17,221,87
18,213,77
19,223,84
20,214,76
21,225,84
22,218,77
23,265,177
24,264,175
25,256,217
26,257,213
27,253,262
28,258,254
29,256,271
30,262,261
31,234,277
32,248,264
0,253,107
1,258,105
2,259,106
3,260,106
4,257,105
5,257,105
6,258,105
7,265,109
8,262,108
9,256,110
10,254,109
11,269,122
12,260,123
13,243,116
14,240,103
15,225,89
16,223,85
17,219,86
18,216,81
19,220,83
20,216,80
21,223,85
22,219,81
23,264,181
24,263,181
25,254,222
26,254,220
27,251,268
28,255,260
29,253,276
30,260,266
31,234,284
32,248,272
0,254,107
1,259,105
2,259,105
3,260,105
4,258,104
5,258,104
6,259,104
7,265,108
8,263,107
9,256,110
10,255,109
11,268,122
12,261,122
13,242,116
14,240,103
15,225,91
16,224,85
17,219,86
18,217,81
19,220,84
20,217,80
21,222,86
22,220,82
23,263,183
24,263,182
25,253,222
26,254,220
27,250,268
28,255,260
29,253,277
30,259,267
31,232,284
32,246,273
0,255,108
1,258,105
2,259,105
3,260,105
4,258,104
5,259,104
6,259,104
7,265,108
8,264,106
9,256,111
10,255,110
11,265,122
12,265,123
13,241,116
14,241,103
15,226,92
16,225,86
17,219,86
18,220,81
19,220,84
20,220,80
21,223,87
22,222,83
23,262,182
24,264,181
25,253,222
26,254,219
27,252,267
28,253,260
29,255,276
30,256,268
31,234,280
32,242,273
0,254,110
1,257,108
2,258,109
3,259,109
4,256,108
5,258,108
6,259,108
7,264,112
8,263,111
9,256,113
10,255,113
11,264,126
12,264,129
13,241,118
14,241,111
15,224,92
16,225,90
17,220,86
18,222,83
19,221,84
20,222,81
21,221,88
22,222,83
23,261,185
24,260,184
25,252,227
26,249,224
27,250,273
28,251,265
29,256,281
30,255,272
31,232,288
32,240,276
0,247,116
1,248,112
2,249,112
3,250,112
4,248,113
5,248,113
6,248,113
7,254,113
8,252,114
9,250,119
10,249,120
11,264,126
12,255,129
13,244,116
14,239,113
15,223,92
16,221,91
17,217,87
18,215,87
19,218,86
20,217,82
21,220,89
22,218,84
23,260,189
24,256,186
25,251,230
26,247,227
27,250,278
28,248,273
29,253,284
30,249,279
31,238,289
32,232,283
0,247,115
1,249,112
2,249,112
3,250,112
4,249,113
5,250,113
6,250,113
7,256,115
8,254,114
9,251,117
10,250,118
11,264,128
12,256,130
13,243,116
14,239,115
15,223,92
16,222,93
17,217,87
18,216,88
19,219,85
20,218,84
21,220,88
22,219,86
23,259,193
24,257,191
25,248,233
26,245,228
27,250,277
28,248,270
29,253,284
30,250,277
31,238,290
32,233,282
0,234,122
1,235,118
2,233,118
3,237,117
4,235,118
5,235,118
6,236,118
7,244,116
8,242,117
9,239,123
10,237,123
11,262,131
12,249,131
13,246,132
14,238,120
15,225,111
16,223,102
17,219,106
18,218,97
19,220,104
20,218,95
21,222,105
22,219,97
23,258,198
24,254,194
25,246,238
26,243,233
27,251,281
28,248,276
29,254,287
30,251,282
31,244,293
32,233,286
0,237,125
1,238,122
2,238,122
3,239,121
4,238,123
5,238,123
6,238,122
7,245,119
8,244,120
9,242,125
10,241,126
11,260,134
12,251,134
13,250,128
14,239,122
15,227,111
16,228,104
17,220,108
18,226,99
19,221,106
20,225,97
21,224,108
22,225,99
23,255,198
24,254,196
25,245,239
26,242,234
27,251,281
28,247,275
29,255,287
30,251,282
31,246,294
32,235,287
0,249,132
1,252,130
2,252,130
3,253,130
4,251,130
5,251,130
6,251,130
7,256,132
8,254,132
9,251,134
10,250,134
11,262,144
12,252,148
13,248,141
14,237,145
15,232,127
16,229,132
17,230,124
18,228,129
19,230,124
20,228,128
21,231,125
22,228,129
23,255,205
24,253,204
25,242,244
26,240,238
27,253,282
28,248,275
29,257,287
30,252,281
31,249,295
32,236,288
0,249,127
1,252,125
2,253,125
3,254,125
4,252,125
5,252,125
6,252,125
7,257,129
8,255,127
9,252,131
10,251,132
11,262,139
12,253,146
13,248,142
14,237,145
15,232,127
16,228,131
17,228,123
18,227,127
19,229,117
20,227,125
21,230,123
22,228,126
23,254,201
24,253,201
25,241,244
26,242,240
27,253,281
28,249,277
29,257,287
30,253,283
31,250,294
32,236,289
0,252,138
1,256,136
2,257,136
3,258,137
4,255,135
5,255,135
6,255,135
7,261,138
8,257,136
9,254,141
10,252,140
11,262,154
12,254,153
13,240,160
14,235,154
15,231,144
16,227,136
17,227,140
18,227,131
19,228,137
20,227,126
21,230,139
22,227,131
23,255,210
24,252,209
25,237,248
26,239,245
27,253,283
28,249,280
29,257,287
30,253,285
31,249,304
32,236,290
0,252,143
1,256,139
2,257,140
3,258,141
4,255,139
5,255,139
6,255,139
7,261,142
8,258,140
9,253,145
10,252,145
11,261,159
12,250,158
13,240,170
14,234,165
15,231,147
16,226,144
17,226,141
18,222,139
19,230,136
20,222,138
21,230,141
22,224,140
23,255,214
24,250,212
25,235,249
26,235,246
27,253,282
28,249,280
29,257,287
30,253,285
31,249,299
32,236,290
0,252,139
1,255,137
2,256,138
3,258,139
4,254,137
5,254,137
6,254,137
7,261,141
8,258,138
9,253,144
10,251,143
11,260,159
12,250,159
13,238,169
14,234,166
15,230,145
16,225,145
17,226,141
18,220,141
19,229,138
20,220,139
21,230,140
22,222,141
23,255,214
24,249,212
25,235,249
26,234,246
27,252,281
28,249,279
29,257,286
30,253,284
31,249,303
32,238,291
0,183,134
1,182,131
2,182,131
3,182,131
4,183,131
5,184,131
6,185,130
7,184,131
8,188,131
9,184,137
10,186,136
11,197,143
12,197,144
13,217,151
14,195,159
15,229,153
16,194,158
17,233,153
18,196,159
19,231,151
20,194,156
21,230,151
22,193,157
23,241,180
24,237,176
25,232,222
26,196,170
27,249,279
28,168,220
29,255,283
30,159,217
31,233,291
32,135,215
0,142,135
1,162,133
2,162,133
3,163,132
4,162,133
5,163,133
6,163,133
7,170,131
8,171,131
9,168,139
10,168,139
11,193,142
12,191,144
13,204,164
14,195,172
15,207,171
16,195,191
17,208,171
18,196,196
19,206,169
20,194,195
21,206,169
22,194,194
23,241,179
24,237,178
25,228,222
26,223,211
27,231,270
28,212,263
29,235,276
30,216,273
31,217,283
32,188,275
0,145,137
1,139,132
2,139,132
3,148,132
4,138,132
5,139,132
6,140,130
7,154,131
8,144,129
9,152,140
10,151,140
11,177,145
12,174,142
13,187,180
14,168,174
15,193,196
16,147,202
17,195,196
18,142,207
19,194,195
20,141,207
21,193,195
22,145,207
23,235,181
24,234,179
25,229,233
26,234,219
27,239,273
28,249,259
29,248,280
30,256,265
31,223,288
32,234,275
0,132,146
1,133,143
2,135,141
3,136,141
4,134,140
5,134,140
6,140,141
7,147,138
8,146,137
9,147,149
10,147,149
11,169,150
12,166,143
13,168,187
14,148,178
15,156,211
16,141,198
17,169,217
18,137,200
19,167,216
20,136,201
21,168,214
22,139,201
23,231,183
24,226,181
25,233,235
26,231,235
27,249,265
28,245,266
29,255,279
30,253,272
31,233,285
32,232,289
0,139,113
1,139,111
2,140,111
3,140,111
4,138,111
5,137,111
6,137,111
7,140,113
8,136,113
9,139,117
10,138,117
11,141,138
12,142,118
13,130,161
14,133,104
15,129,167
16,131,87
17,130,171
18,134,83
19,131,168
20,132,84
21,131,166
22,131,86
23,165,171
24,165,163
25,148,183
26,140,172
27,154,213
28,146,208
29,160,220
30,150,214
31,152,232
32,134,216
0,139,113
1,139,111
2,140,111
3,140,111
4,138,111
5,137,111
6,136,111
7,139,113
8,134,113
9,140,117
10,138,117
11,138,131
12,140,120
13,130,132
14,130,101
15,129,128
16,129,77
17,129,129
18,132,69
19,130,127
20,129,72
21,130,126
22,128,75
23,156,161
24,152,159
25,148,183
26,143,179
27,149,211
28,146,208
29,151,216
30,149,213
31,144,218
32,140,215
0,135,113
1,137,111
2,137,111
3,138,111
4,135,111
5,134,111
6,134,111
7,139,113
8,134,113
9,137,117
10,136,117
11,139,132
12,140,117
13,130,145
14,129,92
15,128,146
16,128,72
17,127,148
18,131,66
19,128,146
20,129,66
21,129,145
22,128,68
23,155,161
24,152,158
25,148,184
26,142,178
27,149,210
28,146,208
29,150,215
30,148,211
31,143,216
32,139,214
0,136,113
1,137,111
2,137,111
3,138,111
4,135,111
5,135,111
6,134,111
7,139,113
8,134,113
9,138,117
10,136,117
11,138,132
12,140,117
13,130,148
14,130,95
15,129,149
16,128,78
17,127,153
18,130,72
19,128,151
20,128,72
21,129,150
22,127,74
23,154,162
24,153,162
25,149,185
26,143,180
27,148,209
28,147,208
29,149,213
30,148,211
31,145,215
32,145,214
0,134,114
1,136,111
2,137,111
3,138,111
4,135,111
5,134,111
6,134,111
7,139,113
8,134,113
9,137,117
10,135,117
11,138,133
12,140,119
13,130,149
14,132,104
15,129,150
16,128,97
17,127,150
18,129,95
19,128,148
20,128,95
21,129,148
22,127,97
23,152,165
24,152,164
25,149,187
26,145,182
27,147,209
28,147,208
29,150,213
30,150,211
31,143,215
32,143,214
0,248,140
1,249,134
2,251,136
3,251,136
4,249,134
5,249,133
6,250,133
7,256,137
8,255,134
9,250,144
10,250,142
11,264,149
12,261,151
13,263,164
14,255,177
15,253,161
16,253,205
17,250,160
18,254,212
19,251,158
20,252,214
21,251,159
22,252,212
23,251,199
24,251,198
25,243,240
26,246,206
27,253,283
28,253,229
29,257,289
30,256,235
31,236,292
32,243,234
0,248,140
1,250,136
2,251,136
3,251,137
4,250,135
5,250,135
6,250,135
7,257,137
8,255,136
9,251,143
10,251,142
11,266,153
12,258,151
13,270,177
14,255,169
15,272,190
16,254,185
17,274,194
18,254,189
19,274,192
20,253,189
21,273,190
22,253,187
23,259,199
24,253,198
25,245,239
26,247,225
27,254,282
28,251,263
29,257,288
30,255,271
31,248,293
32,239,280
0,252,142
1,253,139
2,254,139
3,254,139
4,255,138
5,255,138
6,255,138
7,257,138
8,255,138
9,254,143
10,254,143
11,263,154
12,259,153
13,270,178
14,270,176
15,280,195
16,282,196
17,284,200
18,288,202
19,283,200
20,287,198
21,280,198
22,285,199
23,259,193
24,255,193
25,247,234
26,246,221
27,254,281
28,251,260
29,257,288
30,254,267
31,247,293
32,240,269
0,253,142
1,255,139
2,255,139
3,255,139
4,255,138
5,255,138
6,255,138
7,256,138
8,255,138
9,255,143
10,255,144
11,261,154
12,259,153
13,269,177
14,271,178
15,278,192
16,285,202
17,281,194
18,291,206
19,282,194
20,292,204
21,280,193
22,288,203
23,258,192
24,255,191
25,249,235
26,248,222
27,254,281
28,251,274
29,257,288
30,254,281
31,251,294
32,244,278
0,263,139
1,260,137
2,260,137
3,261,137
4,258,137
5,257,137
6,256,138
7,259,138
8,256,139
9,263,140
10,262,141
11,271,155
12,256,153
13,281,183
14,275,179
15,294,204
16,292,200
17,301,208
18,301,208
19,302,209
20,301,209
21,298,208
22,296,205
23,267,192
24,256,187
25,256,234
26,247,235
27,256,279
28,253,277
29,257,286
30,250,279
31,268,283
32,253,288
0,259,139
1,258,137
2,258,137
3,258,137
4,258,137
5,257,137
6,257,137
7,257,137
8,256,138
9,260,140
10,260,141
11,264,155
12,259,154
13,280,182
14,276,180
15,299,204
16,293,200
17,301,207
18,301,208
19,301,208
20,300,207
21,298,207
22,296,205
23,263,193
24,258,193
25,256,232
26,251,234
27,256,280
28,254,278
29,257,286
30,254,283
31,254,285
32,246,287
0,255,139
1,256,137
2,256,136
3,256,136
4,255,137
5,255,137
6,255,137
7,257,136
8,256,137
9,257,141
10,257,141
11,266,153
12,258,154
13,283,178
14,277,179
15,300,199
16,295,198
17,304,203
18,301,206
19,304,204
20,301,206
21,302,203
22,299,204
23,263,200
24,258,201
25,254,241
26,251,239
27,257,285
28,255,283
29,261,291
30,259,289
31,244,291
32,242,290
0,256,138
1,256,136
2,256,136
3,256,136
4,256,136
5,255,136
6,255,136
7,257,136
8,256,137
9,257,141
10,258,141
11,264,153
12,267,155
13,284,175
14,284,176
15,302,198
16,301,197
17,307,201
18,308,202
19,308,202
20,308,202
21,305,202
22,305,202
23,263,199
24,262,200
25,253,242
26,253,239
27,258,287
28,257,282
29,262,293
30,261,290
31,240,294
32,242,290
0,256,139
1,255,137
2,255,137
3,255,137
4,256,137
5,255,137
6,255,137
7,257,136
8,256,137
9,258,142
10,257,143
11,263,153
12,267,156
13,283,174
14,285,176
15,302,195
16,302,196
17,307,199
18,309,200
19,307,201
20,308,201
21,305,200
22,305,201
23,261,198
24,262,198
25,252,242
26,255,238
27,258,287
28,258,282
29,263,293
30,262,290
31,240,293
32,244,290
0,256,140
1,255,137
2,256,137
3,256,137
4,255,137
5,255,137
6,255,137
7,257,136
8,256,137
9,258,142
10,258,143
11,263,153
12,266,154
13,282,175
14,288,176
15,301,195
16,307,197
17,307,199
18,312,202
19,307,201
20,311,202
21,305,200
22,309,201
23,262,198
24,264,198
25,253,242
26,258,239
27,261,286
28,263,282
29,265,292
30,267,288
31,243,294
32,253,289
0,255,140
1,255,137
2,255,137
3,255,137
4,255,137
5,255,137
6,255,137
7,257,136
8,256,137
9,257,143
10,257,143
11,263,152
12,267,155
13,282,174
14,289,176
15,302,195
16,307,197
17,307,199
18,313,202
19,307,200
20,311,202
21,305,200
22,309,201
23,262,198
24,265,198
25,253,243
26,259,239
27,261,286
28,264,282
29,266,292
30,268,288
31,244,296
32,253,289
0,253,143
1,253,139
2,254,139
3,254,138
4,253,139
5,254,139
6,254,139
7,257,137
8,256,137
9,256,145
10,256,145
11,263,150
12,268,154
13,283,172
14,291,176
15,303,194
16,305,197
17,308,198
18,311,201
19,308,200
20,311,202
21,306,199
22,309,201
23,262,200
24,267,200
25,254,243
26,261,239
27,262,286
28,267,281
29,267,292
30,271,286
31,244,295
32,257,289
0,253,142
1,253,137
2,253,137
3,253,137
4,253,137
5,253,137
6,253,136
7,256,136
8,256,136
9,255,144
10,255,144
11,261,150
12,269,151
13,279,173
14,289,175
15,303,195
16,304,197
17,308,199
18,312,202
19,308,201
20,311,203
21,306,200
22,309,201
23,261,199
24,268,200
25,254,243
26,261,239
27,263,285
28,269,281
29,267,291
30,272,286
31,245,294
32,260,289
0,253,142
1,253,137
2,253,137
3,254,136
4,254,137
5,254,137
6,255,136
7,256,136
8,258,135
9,255,143
10,255,144
11,261,147
12,275,152
13,282,170
14,294,180
15,302,195
16,301,204
17,306,200
18,309,208
19,307,202
20,307,209
21,304,202
22,306,207
23,262,199
24,272,203
25,256,243
26,264,240
27,264,285
28,273,280
29,269,291
30,279,286
31,245,295
32,261,289
0,254,141
1,253,136
2,253,136
3,254,136
4,254,136
5,255,136
6,255,136
7,258,135
8,259,135
9,256,143
10,256,143
11,263,148
12,275,152
13,286,171
14,295,180
15,303,195
16,301,204
17,307,200
18,309,208
19,307,202
20,306,209
21,304,202
22,305,207
23,265,201
24,272,203
25,258,243
26,265,240
27,265,285
28,274,278
29,271,291
30,280,285
31,244,295
32,263,289
0,254,142
1,253,138
2,254,137
3,254,137
4,253,136
5,255,137
6,255,136
7,258,135
8,259,135
9,256,143
10,255,143
11,263,148
12,274,152
13,287,171
14,293,181
15,304,195
16,298,205
17,307,201
18,306,209
19,307,202
20,304,210
21,304,202
22,302,208
23,265,201
24,272,203
25,258,244
26,265,240
27,265,285
28,275,278
29,271,290
30,280,285
31,244,295
32,264,289
0,254,141
1,254,137
2,255,137
3,255,136
4,255,136
5,255,136
6,256,136
7,259,135
8,260,135
9,257,142
10,257,142
11,267,148
12,274,152
13,287,172
14,293,179
15,302,199
16,300,204
17,305,204
18,307,209
19,302,207
20,304,210
21,301,205
22,302,208
23,269,201
24,273,203
25,261,244
26,268,240
27,264,286
28,281,276
29,270,292
30,286,283
31,241,295
32,271,288
0,255,138
1,257,134
2,258,133
3,258,133
4,257,133
5,257,133
6,258,133
7,262,134
8,261,134
9,259,139
10,258,139
11,275,147
12,270,151
13,289,172
14,281,179
15,302,200
16,284,205
17,305,206
18,285,211
19,301,208
20,286,212
21,300,206
22,286,209
23,271,202
24,272,203
25,265,245
26,269,242
27,262,286
28,287,275
29,269,292
30,294,282
31,241,296
32,274,288
0,257,136
1,258,132
2,259,132
3,260,132
4,258,132
5,259,132
6,259,132
7,264,133
8,263,133
9,260,138
10,259,137
11,276,148
12,270,152
13,290,172
14,282,180
15,302,201
16,284,206
17,305,207
18,284,213
19,302,208
20,284,213
21,300,206
22,285,210
23,271,203
24,271,204
25,266,245
26,270,243
27,261,286
28,290,275
29,267,292
30,296,282
31,239,296
32,277,289
0,258,135
1,260,132
2,261,132
3,261,132
4,260,132
5,260,131
6,261,131
7,266,133
8,265,132
9,261,137
10,260,137
11,277,149
12,270,151
13,290,176
14,267,168
15,301,204
16,261,169
17,305,210
18,259,169
19,302,211
20,259,168
21,300,209
22,259,168
23,273,206
24,271,206
25,268,245
26,271,245
27,261,286
28,295,275
29,265,293
30,301,281
31,240,296
32,285,289
0,259,134
1,261,131
2,261,131
3,261,131
4,261,131
5,261,131
6,261,130
7,266,132
8,265,132
9,261,137
10,261,136
11,277,150
12,270,150
13,290,177
14,274,170
15,301,205
16,276,181
17,305,211
18,277,182
19,302,212
20,277,185
21,301,210
22,277,184
23,274,207
24,270,207
25,267,245
26,273,246
27,261,286
28,296,275
29,265,293
30,303,281
31,240,296
32,286,290
0,264,132
1,265,130
2,266,130
3,266,130
4,266,129
5,266,129
6,267,129
7,270,132
8,271,131
9,265,136
10,266,135
11,280,150
12,276,151
13,290,180
14,276,175
15,297,207
16,280,192
17,300,215
18,280,197
19,297,215
20,279,197
21,296,213
22,280,195
23,276,210
24,275,208
25,266,247
26,280,246
27,261,287
28,305,275
29,265,294
30,311,280
31,240,296
32,298,290
0,264,133
1,266,130
2,266,130
3,266,130
4,266,130
5,267,130
6,267,130
7,270,132
8,271,131
9,266,136
10,266,136
11,280,152
12,277,152
13,289,182
14,286,181
15,291,207
16,291,207
17,295,215
18,292,214
19,293,219
20,291,214
21,292,217
22,291,212
23,276,210
24,277,208
25,267,247
26,281,247
27,262,287
28,305,275
29,265,294
30,311,280
31,241,296
32,297,290
0,265,133
1,267,130
2,267,130
3,268,130
4,267,130
5,268,131
6,268,131
7,273,132
8,273,132
9,268,136
10,268,136
11,280,151
12,280,152
13,268,180
14,277,172
15,265,204
16,265,181
17,254,203
18,262,184
19,253,202
20,261,182
21,254,200
22,262,181
23,280,203
24,278,204
25,277,246
26,278,244
27,305,276
28,269,284
29,311,279
30,273,292
31,279,297
32,268,291
0,266,134
1,268,130
2,268,130
3,269,131
4,268,131
5,269,131
6,269,131
7,273,132
8,273,132
9,269,136
10,269,136
11,279,150
12,281,152
13,269,181
14,278,173
15,265,209
16,268,188
17,262,215
18,265,192
19,261,215
20,264,191
21,261,212
22,265,189
23,280,203
24,279,204
25,274,246
26,284,244
27,272,283
28,306,278
29,274,290
30,313,282
31,250,297
32,306,291
0,269,134
1,271,130
2,271,131
3,271,131
4,271,131
5,272,131
6,272,131
7,275,132
8,276,132
9,271,137
10,271,137
11,279,150
12,284,152
13,274,184
14,278,179
15,260,209
16,270,201
17,256,215
18,268,206
19,254,215
20,266,208
21,256,212
22,266,205
23,283,206
24,282,206
25,274,246
26,284,244
27,265,285
28,314,276
29,268,293
30,318,277
31,242,297
32,316,292
0,270,134
1,272,131
2,272,131
3,273,131
4,273,131
5,273,131
6,274,131
7,276,132
8,278,132
9,271,137
10,272,137
11,280,150
12,286,152
13,275,185
14,280,181
15,261,208
16,274,205
17,256,216
18,272,211
19,255,215
20,270,211
21,257,212
22,270,209
23,283,206
24,283,206
25,281,246
26,282,245
27,294,283
28,269,283
29,300,288
30,291,287
31,280,297
32,269,294
0,272,133
1,274,129
2,274,130
3,274,130
4,274,129
5,275,129
6,276,129
7,278,132
8,280,131
9,273,136
10,273,136
11,281,151
12,287,151
13,276,186
14,281,180
15,257,207
16,274,202
17,251,215
18,271,209
19,249,212
20,270,209
21,251,210
22,271,206
23,285,207
24,286,206
25,276,246
26,288,245
27,269,285
28,314,278
29,272,292
30,322,284
31,246,297
32,314,294
