0,268,49
1,270,45
2,270,44
3,271,43
4,267,46
5,265,46
6,264,46
7,271,41
8,261,45
9,269,49
10,266,51
11,280,44
12,253,50
13,290,60
14,248,75
15,280,65
16,241,93
17,279,66
18,241,99
19,276,65
20,241,99
21,276,65
22,242,97
23,280,91
24,263,93
25,298,120
26,262,125
27,291,140
28,243,156
29,288,141
30,239,161
31,294,151
32,247,167
0,268,47
1,270,43
2,270,43
3,271,42
4,267,44
5,265,43
6,264,43
7,272,41
8,262,43
9,269,48
10,266,49
11,280,47
12,253,50
13,287,65
14,244,74
15,280,69
16,238,93
17,279,69
18,236,101
19,277,68
20,237,102
21,277,68
22,239,99
23,280,92
24,263,93
25,297,121
26,262,125
27,291,142
28,243,157
29,288,144
30,239,163
31,295,152
32,247,167
0,272,47
1,273,44
2,274,43
3,275,43
4,270,44
5,269,44
6,267,43
7,274,41
8,265,43
9,273,49
10,269,49
11,282,48
12,253,51
13,288,65
14,244,76
15,282,70
16,243,101
17,282,71
18,244,109
19,280,70
20,245,109
21,280,69
22,247,106
23,284,92
24,266,94
25,301,120
26,263,125
27,298,146
28,244,157
29,295,148
30,239,163
31,304,159
32,246,168
0,275,49
1,276,45
2,277,45
3,278,44
4,273,45
5,271,45
6,270,44
7,278,42
8,268,43
9,276,49
10,272,49
11,286,47
12,256,52
13,291,65
14,249,77
15,287,69
16,250,101
17,287,70
18,251,109
19,286,69
20,254,109
21,286,69
22,255,106
23,288,92
24,270,94
25,304,120
26,265,125
27,305,152
28,245,157
29,303,157
30,241,163
31,313,162
32,247,168
0,279,47
1,280,44
2,281,44
3,282,44
4,277,44
5,276,44
6,275,43
7,281,42
8,272,43
9,280,48
10,276,48
11,290,48
12,259,51
13,295,67
14,254,78
15,290,69
16,258,103
17,290,70
18,259,111
19,290,68
20,262,112
21,289,68
22,263,110
23,293,92
24,274,94
25,308,120
26,266,125
27,314,151
28,245,157
29,312,157
30,241,163
31,325,161
32,242,168
0,282,46
1,283,44
2,284,44
3,285,44
4,281,44
5,280,43
6,278,43
7,284,42
8,276,42
9,283,48
10,280,48
11,294,48
12,263,51
13,300,66
14,260,78
15,291,69
16,265,102
17,291,69
18,266,108
19,290,67
20,269,109
21,290,67
22,269,107
23,298,93
24,279,94
25,313,122
26,267,125
27,324,153
28,246,157
29,323,156
30,243,162
31,333,161
32,242,167
0,285,44
1,286,42
2,286,42
3,286,42
4,284,42
5,284,42
6,283,42
7,286,41
8,281,41
9,285,46
10,284,46
11,298,49
12,267,52
13,304,65
14,265,78
15,296,65
16,271,101
17,293,65
18,271,108
19,292,63
20,273,108
21,293,63
22,274,106
23,301,93
24,284,94
25,318,123
26,268,126
27,332,152
28,247,157
29,332,156
30,243,161
31,338,162
32,244,167
0,286,43
1,287,40
2,287,40
3,288,40
4,284,40
5,283,40
6,282,40
7,287,39
8,280,40
9,286,43
10,283,43
11,298,48
12,268,51
13,306,65
14,265,76
15,296,67
16,271,100
17,293,68
18,271,107
19,292,65
20,274,107
21,293,65
22,274,104
23,302,93
24,283,95
25,318,123
26,269,126
27,334,153
28,247,156
29,333,158
30,245,161
31,339,162
32,244,167
0,289,43
1,289,41
2,290,40
3,291,40
4,287,41
5,286,40
6,284,40
7,291,39
8,282,40
9,289,44
10,286,44
11,301,48
12,271,51
13,310,65
14,267,75
15,300,67
16,276,96
17,296,69
18,277,105
19,294,65
20,280,103
21,295,65
22,280,100
23,305,94
24,285,95
25,321,124
26,271,126
27,338,152
28,248,156
29,340,156
30,246,161
31,342,161
32,244,166
0,291,42
1,292,40
2,293,39
3,293,39
4,290,39
5,289,39
6,288,39
7,293,39
8,287,40
9,292,43
10,290,43
11,305,48
12,275,51
13,315,65
14,272,75
15,303,69
16,282,93
17,299,71
18,283,100
19,297,68
20,287,98
21,298,68
22,287,95
23,307,93
24,291,95
25,326,123
26,274,125
27,345,152
28,249,156
29,349,156
30,247,162
31,349,161
32,248,166
0,294,42
1,294,40
2,295,40
3,296,39
4,292,40
5,291,40
6,290,40
7,297,39
8,290,40
9,295,43
10,293,43
11,309,48
12,279,51
13,320,65
14,276,74
15,307,69
16,287,90
17,304,71
18,290,99
19,302,68
20,292,95
21,301,68
22,292,92
23,312,94
24,293,96
25,332,124
26,276,125
27,351,152
28,250,156
29,354,157
30,248,164
31,356,162
32,250,167
0,297,42
1,299,40
2,299,39
3,300,39
4,296,40
5,295,40
6,294,40
7,301,39
8,293,40
9,299,43
10,296,43
11,313,48
12,283,52
13,325,65
14,282,76
15,311,69
16,297,91
17,309,70
18,301,97
19,307,67
20,303,94
21,308,67
22,302,92
23,315,94
24,296,96
25,335,124
26,279,125
27,355,152
28,253,156
29,358,157
30,250,163
31,360,162
32,251,168
0,300,42
1,301,39
2,302,39
3,303,39
4,299,40
5,298,40
6,297,40
7,304,39
8,297,40
9,302,43
10,299,44
11,317,49
12,288,53
13,329,65
14,287,75
15,316,69
16,299,88
17,315,71
18,305,94
19,312,69
20,304,91
21,313,69
22,304,90
23,320,94
24,302,96
25,339,124
26,282,125
27,358,152
28,255,156
29,361,156
30,254,163
31,361,162
32,252,167
0,303,41
1,304,39
2,305,39
3,306,39
4,302,39
5,301,39
6,301,39
7,307,39
8,300,40
9,305,43
10,302,43
11,320,50
12,292,55
13,334,66
14,294,76
15,320,72
16,310,90
17,318,74
18,313,95
19,315,71
20,317,93
21,316,71
22,316,91
23,323,96
24,305,97
25,341,126
26,286,125
27,359,152
28,258,156
29,362,156
30,256,162
31,363,161
32,254,166
0,308,41
1,309,39
2,309,39
3,310,39
4,306,39
5,305,39
6,305,40
7,311,40
8,303,41
9,309,43
10,306,44
11,325,50
12,295,56
13,339,68
14,298,79
15,324,72
16,315,90
17,321,74
18,318,95
19,318,71
20,322,91
21,319,71
22,321,90
23,328,97
24,309,98
25,344,127
26,288,126
27,361,153
28,262,156
29,364,157
30,260,161
31,366,162
32,256,166
0,311,43
1,312,41
2,313,41
3,313,41
4,310,42
5,309,42
6,308,42
7,315,41
8,307,43
9,312,45
10,310,46
11,328,51
12,298,56
13,343,69
14,301,78
15,328,74
16,317,87
17,324,74
18,321,91
19,322,72
20,323,89
21,323,72
22,321,87
23,331,98
24,312,99
25,346,127
26,291,126
27,364,154
28,267,156
29,374,158
30,267,165
31,374,165
32,261,167
0,315,46
1,316,44
2,317,44
3,318,43
4,314,44
5,312,45
6,312,45
7,319,43
8,310,45
9,317,47
10,314,48
11,332,51
12,301,57
13,346,69
14,305,80
15,335,75
16,323,87
17,332,77
18,327,92
19,330,74
20,329,88
21,330,74
22,328,87
23,334,98
24,315,99
25,346,127
26,294,127
27,361,153
28,270,157
29,366,158
30,272,167
31,364,164
32,261,167
0,318,46
1,319,43
2,320,43
3,320,43
4,316,44
5,315,44
6,314,44
7,322,43
8,314,46
9,319,47
10,316,48
11,336,51
12,306,58
13,349,69
14,310,82
15,345,79
16,332,87
17,347,84
18,338,91
19,344,81
20,338,88
21,344,82
22,336,87
23,338,99
24,320,99
25,348,128
26,300,126
27,362,154
28,275,159
29,365,159
30,277,171
31,364,164
32,265,170
0,320,46
1,321,43
2,322,43
3,323,43
4,318,44
5,317,44
6,317,44
7,325,43
8,317,45
9,322,47
10,319,48
11,339,52
12,309,58
13,352,70
14,313,81
15,348,79
16,336,85
17,349,83
18,341,89
19,347,81
20,341,86
21,346,80
22,339,85
23,341,100
24,323,100
25,349,128
26,301,128
27,364,155
28,276,165
29,366,160
30,277,173
31,367,166
32,266,173
0,323,47
1,324,44
2,325,44
3,326,44
4,321,45
5,320,46
6,320,46
7,328,43
8,320,46
9,325,47
10,322,48
11,343,52
12,312,58
13,354,70
14,316,81
15,357,78
16,339,84
17,360,82
18,345,88
19,358,79
20,346,84
21,357,80
22,343,83
23,343,100
24,325,99
25,350,128
26,307,128
27,363,155
28,282,163
29,365,161
30,282,169
31,364,166
32,274,172
0,325,47
1,326,44
2,327,44
3,327,43
4,324,45
5,322,45
6,322,45
7,329,43
8,324,46
9,327,47
10,325,49
11,346,53
12,316,58
13,356,70
14,320,78
15,362,76
16,337,80
17,365,78
18,342,83
19,364,76
20,343,80
21,363,76
22,341,79
23,343,101
24,330,99
25,351,129
26,310,127
27,363,156
28,291,156
29,366,162
30,291,160
31,362,166
32,285,163
0,330,48
1,331,46
2,332,45
3,333,45
4,328,47
5,327,47
6,326,47
7,334,44
8,326,47
9,332,48
10,329,50
11,349,53
12,319,58
13,359,70
14,321,78
15,356,74
16,339,82
17,356,77
18,343,86
19,354,75
20,344,83
21,354,74
22,342,82
23,347,100
24,331,99
25,352,129
26,314,127
27,363,157
28,295,154
29,366,163
30,294,159
31,362,167
32,285,161
0,331,45
1,332,43
2,332,43
3,333,43
4,329,45
5,329,45
6,328,46
7,335,43
8,328,46
9,333,45
10,330,49
11,352,53
12,322,57
13,362,70
14,323,79
15,354,78
16,340,83
17,356,79
18,344,88
19,355,76
20,344,83
21,354,75
22,342,82
23,350,100
24,333,99
25,355,129
26,317,127
27,364,158
28,301,153
29,366,164
30,299,158
31,362,168
32,294,160
0,334,46
1,335,44
2,336,43
3,337,43
4,332,45
5,332,45
6,331,46
7,339,43
8,330,46
9,336,46
10,333,49
11,353,53
12,323,57
13,362,70
14,324,78
15,353,79
16,338,84
17,354,80
18,340,89
19,352,77
20,342,84
21,352,76
22,341,83
23,351,100
24,333,99
25,355,129
26,318,127
27,365,158
28,305,154
29,367,163
30,305,159
31,362,168
32,298,161
0,335,46
1,337,44
2,338,43
3,339,43
4,334,45
5,333,45
6,332,46
7,340,43
8,332,45
9,338,47
10,335,49
11,355,52
12,325,57
13,367,70
14,324,78
15,354,78
16,338,86
17,353,81
18,341,90
19,350,78
20,342,87
21,350,77
22,342,85
23,352,100
24,334,99
25,356,129
26,321,127
27,365,159
28,310,154
29,367,164
30,311,159
31,362,169
32,307,163
0,337,46
1,338,44
2,339,43
3,340,43
4,335,45
5,334,45
6,334,45
7,342,43
8,333,45
9,339,47
10,336,49
11,357,52
12,326,55
13,370,69
14,325,78
15,355,79
16,339,87
17,353,83
18,342,91
19,351,81
20,344,89
21,351,80
22,344,87
23,354,98
24,336,98
25,357,129
26,326,123
27,364,159
28,315,154
29,367,164
30,316,159
31,362,170
32,311,163
0,339,40
1,339,39
2,340,39
3,341,39
4,337,40
5,337,40
6,336,41
7,343,41
8,335,42
9,341,42
10,338,44
11,357,51
12,327,54
13,369,68
14,327,76
15,358,79
16,339,88
17,356,83
18,341,92
19,357,81
20,343,91
21,354,80
22,343,89
23,354,98
24,337,98
25,358,129
26,329,124
27,364,159
28,321,155
29,367,164
30,323,160
31,362,170
32,316,164
0,340,39
1,341,38
2,342,38
3,343,38
4,339,38
5,339,39
6,338,39
7,344,39
8,337,40
9,342,41
10,339,42
11,358,51
12,329,53
13,370,66
14,328,75
15,358,79
16,339,88
17,357,84
18,341,92
19,355,82
20,343,91
21,355,80
22,343,89
23,356,97
24,339,97
25,358,127
26,332,124
27,364,159
28,326,155
29,366,164
30,330,160
31,361,169
32,322,163
0,342,40
1,343,39
2,344,38
3,345,38
4,340,39
5,340,40
6,339,40
7,346,40
8,338,41
9,344,42
10,340,43
11,359,50
12,330,53
13,372,67
14,329,74
15,356,79
16,339,88
17,355,84
18,341,93
19,354,82
20,343,92
21,352,80
22,343,90
23,357,96
24,340,97
25,359,127
26,336,124
27,364,159
28,334,155
29,366,164
30,335,160
31,361,170
32,329,165
0,343,41
1,344,39
2,345,38
3,346,38
4,342,39
5,341,40
6,340,40
7,349,40
8,339,41
9,345,42
10,342,44
11,362,50
12,332,53
13,373,67
14,331,74
15,356,79
16,338,88
17,355,87
18,340,93
19,353,84
20,342,92
21,352,81
22,341,90
23,358,96
24,342,97
25,360,127
26,339,126
27,363,160
28,340,157
29,364,164
30,342,161
31,360,170
32,336,168
0,345,43
1,346,39
2,347,39
3,347,39
4,344,40
5,344,40
6,343,40
7,348,40
8,343,41
9,347,44
10,345,45
11,364,50
12,335,53
13,371,67
14,334,72
15,360,81
16,339,90
17,365,91
18,340,95
19,362,89
20,342,93
21,361,87
22,342,92
23,361,96
24,346,97
25,359,126
26,343,125
27,359,160
28,347,157
29,362,165
30,349,161
31,356,170
32,341,167
0,347,44
1,348,40
2,349,40
3,351,40
4,346,41
5,345,41
6,344,41
7,353,40
8,344,41
9,350,45
10,347,46
11,367,50
12,337,53
13,377,65
14,336,72
15,377,81
16,339,90
17,379,89
18,340,95
19,378,86
20,341,94
21,377,84
22,341,92
23,362,95
24,347,96
25,361,125
26,346,125
27,360,159
28,348,156
29,362,162
30,350,160
31,360,168
32,346,167
0,349,46
1,350,42
2,351,42
3,352,41
4,347,43
5,347,43
6,346,43
7,355,40
8,346,42
9,351,46
10,348,47
11,369,50
12,339,52
13,378,65
14,337,72
15,368,81
16,338,90
17,370,88
18,340,95
19,368,85
20,340,94
21,368,83
22,340,92
23,364,93
24,348,95
25,362,124
26,348,123
27,360,157
28,353,154
29,362,161
30,359,158
31,358,168
32,347,165
0,351,47
1,352,44
2,353,44
3,353,44
4,350,45
5,349,45
6,349,44
7,355,41
8,349,43
9,352,47
10,350,48
11,370,49
12,341,52
13,381,65
14,339,70
15,374,83
16,338,90
17,374,89
18,338,95
19,372,87
20,339,94
21,371,85
22,340,92
23,369,94
24,352,95
25,364,124
26,350,122
27,361,157
28,356,154
29,363,164
30,359,158
31,358,169
32,355,167
0,354,51
1,355,48
2,356,48
3,357,47
4,353,48
5,352,48
6,351,47
7,359,44
8,351,44
9,355,50
10,352,50
11,372,49
12,343,52
13,386,65
14,339,69
15,386,87
16,338,90
17,388,93
18,337,95
19,386,93
20,338,95
21,384,90
22,339,93
23,372,92
24,355,93
25,366,124
26,351,122
27,365,158
28,362,156
29,369,164
30,362,159
31,363,171
32,359,171
0,356,55
1,358,52
2,359,52
3,361,51
4,355,52
5,354,52
6,353,51
7,362,47
8,352,48
9,359,55
10,355,55
11,376,50
12,344,52
13,388,68
14,340,69
15,376,87
16,338,90
17,377,92
18,337,95
19,375,90
20,338,95
21,373,88
22,339,93
23,377,91
24,360,94
25,369,124
26,354,121
27,368,158
28,367,156
29,373,165
30,371,159
31,365,172
32,363,171
0,358,55
1,360,52
2,361,52
3,362,51
4,357,53
5,356,52
6,355,52
7,364,48
8,354,49
9,361,55
10,357,55
11,377,50
12,346,52
13,390,70
14,341,69
15,374,86
16,338,89
17,374,91
18,336,94
19,371,89
20,337,94
21,370,87
22,339,93
23,377,92
24,360,94
25,369,124
26,353,122
27,369,159
28,369,156
29,373,165
30,373,158
31,365,173
32,365,170
0,361,57
1,363,55
2,364,54
3,365,53
4,359,55
5,358,55
6,357,54
7,367,50
8,356,50
9,364,57
10,360,57
11,379,52
12,348,52
13,390,73
14,342,69
15,375,88
16,336,89
17,373,92
18,334,94
19,370,89
20,335,94
21,370,88
22,336,93
23,379,92
24,362,94
25,370,125
26,356,123
27,372,160
28,371,154
29,373,167
30,376,156
31,365,174
32,369,168
0,362,57
1,364,54
2,365,54
3,367,53
4,361,54
5,360,54
6,359,53
7,368,50
8,358,50
9,365,57
10,361,57
11,380,53
12,350,53
13,390,76
14,343,70
15,378,89
16,336,90
17,375,93
18,332,95
19,373,90
20,333,95
21,373,88
22,335,94
23,380,94
24,363,95
25,369,125
26,357,124
27,375,163
28,377,154
29,377,169
30,382,157
31,365,175
32,370,168
0,366,56
1,368,53
2,368,52
3,369,52
4,365,53
5,364,53
6,363,52
7,371,49
8,362,50
9,368,55
10,365,56
11,382,56
12,352,55
13,391,79
14,344,73
15,381,90
16,335,90
17,379,93
18,331,95
19,377,90
20,331,96
21,377,89
22,333,95
23,380,97
24,366,98
25,372,128
26,360,125
27,376,164
28,378,154
29,379,169
30,382,157
31,366,176
32,372,167
0,367,56
1,368,53
2,370,53
3,371,52
4,365,53
5,364,53
6,363,52
7,372,51
8,363,51
9,369,56
10,366,57
11,384,59
12,353,56
13,394,80
14,344,74
15,406,93
16,334,90
17,410,96
18,329,95
19,410,96
20,330,96
21,407,95
22,332,95
23,382,99
24,367,101
25,373,130
26,365,129
27,376,165
28,377,157
29,378,170
30,381,161
31,366,176
32,371,169
0,369,61
1,371,57
2,372,57
3,373,56
4,368,58
5,367,57
6,366,56
7,374,54
8,366,54
9,371,60
10,368,60
11,386,60
12,356,58
13,395,81
14,346,76
15,400,96
16,334,91
17,401,100
18,329,96
19,401,99
20,330,97
21,399,98
22,332,96
23,385,100
24,372,104
25,382,131
26,371,131
27,375,167
28,376,164
29,377,171
30,380,168
31,366,176
32,369,171
0,370,59
1,372,55
2,373,55
3,373,54
4,370,56
5,369,55
6,368,55
7,375,53
8,368,53
9,372,59
10,370,60
11,387,61
12,358,60
13,399,83
14,347,78
15,413,102
16,332,93
17,418,106
18,328,98
19,418,107
20,328,99
21,415,106
22,330,98
23,388,100
24,374,102
25,388,126
26,370,129
27,385,160
28,376,165
29,385,165
30,379,170
31,380,167
32,366,176
0,370,57
1,371,53
2,371,53
3,371,54
4,371,53
5,371,53
6,371,53
7,372,52
8,372,52
9,371,59
10,371,59
11,367,61
12,372,59
13,372,82
14,359,79
15,364,97
16,333,94
17,362,102
18,329,98
19,363,102
20,329,99
21,363,100
22,331,98
23,386,101
24,383,101
25,379,129
26,387,124
27,382,163
28,388,163
29,376,170
30,389,167
31,377,169
32,386,166
0,373,56
1,374,53
2,375,53
3,375,53
4,372,53
5,372,53
6,371,53
7,377,53
8,371,53
9,374,58
10,372,59
11,386,63
12,363,63
13,398,83
14,352,82
15,421,97
16,332,96
17,427,100
18,328,99
19,428,100
20,328,100
21,425,99
22,330,99
23,392,101
24,379,104
25,398,125
26,374,129
27,399,159
28,380,168
29,399,165
30,382,173
31,401,168
32,371,177
0,373,56
1,374,53
2,375,53
3,376,53
4,372,53
5,372,53
6,371,53
7,377,53
8,371,54
9,375,58
10,373,58
11,388,63
12,363,64
13,400,84
14,350,82
15,421,96
16,332,96
17,427,100
18,328,100
19,428,98
20,328,100
21,425,98
22,330,100
23,392,102
24,377,104
25,392,127
26,371,131
27,393,163
28,376,168
29,394,169
30,379,175
31,391,168
32,366,179
0,374,55
1,375,53
2,376,53
3,376,53
4,373,53
5,372,53
6,372,53
7,378,53
8,371,54
9,375,58
10,373,58
11,389,63
12,364,65
13,402,83
14,350,83
15,414,94
16,333,97
17,418,97
18,328,100
19,418,96
20,329,101
21,416,96
22,330,101
23,393,104
24,378,106
25,390,133
26,370,134
27,392,168
28,375,169
29,394,174
30,378,176
31,390,177
32,363,180
0,376,53
1,376,51
2,376,51
3,376,52
4,376,51
5,376,52
6,376,52
7,377,53
8,375,53
9,377,55
10,376,55
11,387,62
12,365,65
13,399,83
14,353,82
15,399,93
16,333,98
17,400,96
18,329,101
19,398,95
20,329,102
21,398,94
22,331,102
23,390,104
24,385,105
25,377,133
26,387,134
27,376,168
28,390,168
29,379,175
30,392,174
31,365,179
32,381,174
0,377,51
1,377,50
2,377,51
3,377,51
4,377,50
5,377,51
6,377,51
7,378,52
8,377,53
9,377,52
10,377,53
11,390,63
12,367,64
13,399,82
14,355,83
15,401,94
16,335,99
17,402,97
18,330,102
19,400,96
20,330,103
21,400,96
22,332,102
23,390,103
24,389,104
25,375,133
26,390,133
27,374,169
28,397,167
29,376,176
30,400,173
31,362,179
32,391,176
0,379,52
1,379,52
2,379,52
3,380,52
4,378,51
5,378,52
6,378,52
7,381,53
8,377,54
9,380,54
10,379,54
11,393,63
12,368,65
13,401,82
14,356,83
15,401,93
16,337,100
17,400,97
18,332,103
19,399,96
20,332,104
21,399,95
22,334,103
23,393,103
24,388,104
25,378,132
26,387,132
27,375,168
28,388,166
29,377,176
30,395,174
31,365,178
32,379,174
0,383,53
1,383,52
2,383,52
3,383,52
4,383,52
5,384,52
6,384,52
7,383,54
8,384,54
9,383,55
10,383,55
11,376,65
12,393,65
13,368,86
14,375,83
15,363,96
16,353,99
17,360,99
18,347,103
19,361,97
20,345,103
21,363,97
22,347,102
23,391,104
24,401,104
25,380,134
26,402,130
27,376,168
28,403,165
29,377,175
30,405,172
31,367,176
32,399,172
0,385,54
1,385,53
2,385,53
3,386,53
4,384,53
5,383,53
6,383,53
7,386,54
8,382,55
9,386,57
10,384,57
11,397,64
12,378,65
13,402,86
14,364,83
15,388,94
16,346,100
17,382,97
18,341,104
19,378,95
20,340,104
21,381,95
22,342,104
23,400,105
24,393,106
25,383,135
26,390,132
27,376,167
28,398,166
29,380,173
30,396,173
31,368,173
32,385,175
0,386,56
1,387,54
2,387,54
3,388,54
4,386,54
5,385,54
6,385,54
7,389,55
8,384,56
9,388,59
10,386,58
11,402,65
12,376,65
13,406,85
14,363,84
15,392,94
16,347,100
17,384,97
18,341,104
19,383,95
20,341,105
21,382,95
22,343,104
23,404,106
24,391,107
25,400,134
26,387,133
27,400,166
28,388,166
29,401,173
30,390,173
31,394,173
32,377,175
0,387,56
1,388,54
2,388,54
3,389,54
4,386,54
5,385,54
6,384,54
7,391,55
8,384,56
9,389,59
10,387,60
11,404,65
12,376,66
13,413,84
14,363,84
15,397,87
16,349,100
17,386,89
18,343,105
19,386,87
20,343,106
21,384,87
22,345,105
23,407,105
24,392,108
25,412,117
26,394,137
27,422,145
28,407,167
29,424,148
30,411,172
31,427,157
32,402,180
0,388,56
1,389,54
2,389,54
3,390,54
4,387,54
5,386,54
6,385,54
7,392,55
8,385,56
9,390,59
10,387,59
11,404,65
12,377,66
13,414,82
14,365,84
15,403,87
16,351,101
17,401,87
18,345,106
19,398,86
20,345,107
21,398,85
22,347,105
23,407,105
24,395,108
25,411,110
26,392,135
27,415,143
28,397,156
29,415,148
30,400,160
31,417,152
32,391,166
0,390,56
1,390,53
2,391,53
3,392,53
4,388,54
5,387,54
6,386,54
7,394,55
8,386,56
9,391,59
10,389,59
11,406,65
12,378,66
13,419,81
14,367,84
15,406,87
16,352,101
17,402,89
18,347,107
19,400,86
20,347,107
21,400,86
22,349,106
23,410,107
24,397,113
25,419,115
26,392,147
27,425,142
28,403,173
29,426,145
30,407,176
31,429,154
32,395,184
0,390,54
1,391,52
2,392,52
3,393,52
4,389,52
5,388,53
6,387,53
7,395,54
8,387,55
9,393,58
10,390,58
11,409,65
12,380,66
13,423,80
14,368,84
15,408,84
16,355,101
17,404,85
18,350,107
19,402,83
20,350,108
21,402,83
22,352,107
23,412,107
24,398,111
25,422,113
26,396,143
27,424,143
28,403,175
29,424,146
30,407,179
31,425,154
32,395,187
0,390,54
1,391,52
2,392,52
3,393,52
4,389,52
5,388,53
6,387,53
7,396,53
8,387,55
9,393,57
10,389,57
11,409,64
12,380,65
13,424,78
14,369,84
15,410,85
16,356,102
17,405,87
18,352,107
19,403,85
20,352,108
21,403,85
22,354,107
23,412,106
24,399,111
25,423,116
26,398,139
27,424,145
28,401,170
29,424,149
30,403,175
31,427,155
32,394,180
0,390,51
1,391,50
2,392,50
3,393,50
4,389,50
5,388,50
6,388,50
7,396,51
8,388,52
9,393,54
10,389,54
11,409,62
12,381,64
13,425,76
14,370,84
15,410,84
16,358,102
17,406,88
18,354,107
19,403,85
20,355,108
21,404,85
22,356,107
23,411,103
24,398,108
25,424,118
26,397,139
27,424,147
28,399,155
29,424,150
30,402,156
31,425,157
32,395,163
0,390,49
1,391,47
2,392,47
3,393,47
4,389,47
5,388,47
6,388,48
7,396,49
8,388,49
9,393,52
10,389,52
11,409,61
12,381,64
13,426,76
14,371,84
15,411,85
16,360,102
17,407,88
18,356,107
19,403,85
20,356,108
21,404,85
22,358,107
23,411,103
24,397,108
25,421,129
26,397,141
27,419,155
28,396,152
29,419,157
30,397,152
31,418,167
32,393,161
0,391,48
1,393,46
2,394,46
3,395,46
4,391,46
5,390,46
6,389,47
7,398,48
8,389,48
9,394,51
10,391,51
11,410,60
12,382,63
13,426,74
14,373,84
15,411,84
16,363,102
17,406,87
18,359,107
19,404,83
20,360,108
21,404,83
22,361,107
23,411,103
24,396,107
25,424,129
26,396,140
27,418,155
28,398,156
29,417,157
30,400,159
31,419,167
32,397,162
0,391,47
1,393,45
2,394,45
3,395,45
4,390,45
5,390,45
6,389,46
7,398,47
8,389,47
9,394,50
10,391,50
11,411,60
12,382,63
13,426,74
14,374,84
15,410,83
16,366,101
17,405,85
18,362,107
19,403,80
20,363,108
21,403,80
22,365,106
23,411,101
24,396,103
25,420,129
26,391,135
27,418,149
28,395,149
29,416,151
30,397,150
31,415,160
32,396,158
0,392,47
1,393,44
2,395,44
3,396,44
4,391,45
5,390,45
6,390,45
7,399,46
8,390,46
9,394,50
10,391,50
11,413,59
12,383,62
13,428,72
14,375,82
15,412,83
16,367,101
17,408,85
18,364,107
19,404,80
20,365,107
21,405,80
22,366,105
23,411,99
24,396,101
25,418,128
26,389,131
27,413,144
28,393,139
29,412,145
30,395,139
31,409,153
32,395,147
0,393,46
1,395,43
2,396,43
3,397,43
4,392,43
5,391,43
6,391,43
7,400,44
8,391,44
9,395,49
10,392,49
11,412,56
12,384,59
13,425,70
14,377,81
15,413,83
16,370,101
17,411,85
18,367,106
19,407,81
20,368,107
21,407,81
22,370,105
23,410,94
24,395,95
25,413,122
26,389,125
27,408,145
28,393,146
29,406,148
30,395,147
31,409,158
32,394,156
0,260,93
1,257,94
2,255,94
3,254,94
4,260,94
5,261,95
6,263,95
7,251,99
8,263,100
9,258,95
10,262,95
11,249,108
12,272,111
13,257,93
14,296,95
15,274,86
16,287,89
17,276,82
18,283,86
19,278,85
20,280,89
21,278,86
22,282,89
23,256,147
24,265,147
25,257,177
26,263,176
27,252,202
28,261,203
29,252,206
30,261,207
31,251,207
32,256,212
0,261,92
1,258,90
2,257,91
3,257,91
4,260,91
5,260,91
6,260,91
7,254,95
8,259,95
9,261,94
10,262,95
11,252,109
12,265,110
13,272,101
14,286,97
15,279,86
16,287,83
17,277,80
18,285,75
19,278,80
20,282,76
21,279,83
22,282,79
23,254,155
24,263,156
25,249,187
26,263,188
27,241,218
28,256,221
29,238,222
30,253,225
31,243,224
32,256,225
0,261,89
1,259,88
2,258,88
3,257,88
4,261,88
5,261,89
6,261,89
7,254,92
8,260,93
9,261,93
10,262,93
11,247,108
12,269,109
13,266,99
14,289,97
15,274,88
16,292,83
17,273,82
18,292,76
19,274,82
20,287,76
21,275,85
22,287,79
23,251,154
24,264,156
25,247,187
26,264,188
27,239,218
28,257,221
29,237,222
30,253,223
31,242,228
32,256,233
0,260,91
1,258,89
2,257,89
3,256,90
4,259,90
5,260,90
6,260,90
7,254,93
8,260,93
9,259,94
10,261,94
11,245,108
12,269,108
13,263,102
14,289,94
15,269,89
16,291,78
17,269,83
18,291,71
19,271,82
20,287,72
21,272,86
22,286,75
23,251,153
24,265,155
25,247,187
26,263,188
27,239,217
28,257,219
29,238,221
30,253,221
31,242,227
32,256,233
0,260,88
1,258,86
2,257,86
3,256,86
4,259,87
5,260,87
6,260,87
7,254,89
8,260,90
9,259,91
10,261,91
11,244,104
12,269,105
13,261,91
14,289,93
15,267,75
16,291,77
17,266,69
18,292,72
19,267,69
20,289,72
21,269,72
22,288,74
23,251,152
24,265,154
25,247,185
26,263,186
27,240,216
28,256,219
29,238,221
30,253,220
31,243,226
32,256,232
0,258,89
1,256,87
2,255,87
3,254,87
4,258,88
5,258,88
6,259,88
7,252,90
8,260,90
9,257,91
10,259,92
11,242,103
12,269,103
13,252,92
14,288,91
15,259,79
16,280,77
17,260,73
18,279,74
19,262,75
20,274,75
21,262,77
22,274,77
23,250,152
24,266,153
25,246,184
26,263,185
27,240,215
28,257,217
29,238,220
30,254,220
31,243,225
32,256,231
0,257,88
1,255,86
2,254,86
3,253,86
4,257,86
5,258,86
6,259,86
7,251,89
8,259,89
9,256,90
10,259,90
11,241,102
12,269,101
13,252,91
14,288,91
15,259,78
16,280,77
17,260,74
18,279,73
19,261,74
20,276,75
21,261,76
22,276,77
23,249,152
24,266,153
25,245,184
26,264,184
27,239,215
28,257,217
29,238,219
30,254,219
31,242,225
32,257,230
0,256,88
1,253,86
2,252,86
3,251,86
4,256,86
5,256,87
6,257,87
7,250,88
8,258,89
9,254,90
10,257,90
11,241,100
12,269,100
13,237,88
14,288,89
15,234,74
16,280,75
17,233,70
18,279,70
19,234,70
20,276,72
21,236,72
22,275,74
23,248,150
24,266,152
25,245,184
26,264,184
27,239,215
28,257,217
29,238,220
30,254,220
31,242,224
32,258,230
0,254,87
1,252,85
2,251,85
3,250,85
4,254,85
5,255,85
6,256,85
7,249,87
8,258,87
9,253,89
10,256,89
11,241,98
12,269,99
13,231,87
14,276,90
15,222,71
16,275,75
17,213,68
18,276,71
19,220,68
20,273,71
21,223,70
22,273,72
23,249,149
24,265,150
25,246,183
26,263,183
27,240,215
28,257,217
29,238,220
30,254,220
31,242,224
32,258,230
0,253,86
1,251,85
2,251,84
3,249,84
4,254,85
5,255,85
6,256,85
7,248,88
8,258,88
9,252,87
10,254,88
11,241,99
12,266,100
13,232,87
14,273,89
15,226,72
16,272,74
17,222,69
18,273,70
19,224,69
20,271,70
21,227,70
22,270,71
23,250,148
24,263,149
25,246,183
26,258,183
27,240,215
28,255,217
29,238,220
30,254,219
31,242,228
32,257,230
0,248,86
1,248,84
2,249,83
3,249,83
4,246,84
5,245,85
6,244,85
7,248,85
8,242,87
9,250,87
10,248,87
11,257,98
12,240,100
13,261,88
14,246,88
15,253,68
16,252,68
17,251,64
18,253,63
19,248,63
20,253,63
21,247,65
22,253,65
23,258,148
24,248,148
25,256,183
26,250,183
27,251,215
28,246,217
29,248,219
30,243,219
31,254,229
32,251,229
0,243,83
1,241,81
2,240,80
3,240,80
4,241,81
5,240,81
6,240,82
7,239,83
8,243,83
9,244,85
10,244,86
11,243,96
12,249,97
13,242,88
14,256,87
15,235,71
16,254,69
17,232,65
18,254,64
19,233,67
20,252,64
21,234,69
22,252,66
23,250,148
24,252,148
25,249,184
26,251,182
27,246,216
28,250,218
29,243,220
30,246,220
31,249,230
32,258,231
0,225,82
1,221,80
2,220,80
3,219,81
4,224,80
5,226,80
6,227,80
7,220,84
8,225,82
9,226,85
10,230,84
11,226,98
12,249,94
13,234,95
14,253,86
15,234,74
16,244,71
17,232,69
18,243,66
19,233,68
20,240,65
21,235,70
22,240,67
23,245,149
24,255,148
25,246,184
26,254,183
27,243,217
28,257,219
29,241,222
30,251,222
31,246,230
32,263,234
0,236,87
1,232,86
2,231,86
3,231,86
4,233,85
5,235,85
6,236,85
7,232,87
8,232,86
9,237,89
10,240,89
11,230,101
12,256,96
13,219,128
14,270,85
15,193,138
16,277,60
17,185,142
18,283,56
19,185,139
20,280,55
21,189,137
22,278,57
23,243,150
24,259,150
25,244,185
26,261,184
27,241,220
28,259,221
29,241,225
30,256,226
31,245,229
32,266,234
0,234,88
1,232,87
2,231,87
3,230,87
4,235,86
5,236,86
6,237,86
7,230,90
8,239,88
9,235,90
10,238,90
11,226,103
12,256,98
13,218,111
14,268,90
15,215,100
16,271,60
17,212,95
18,279,63
19,215,92
20,276,62
21,217,95
22,272,65
23,240,152
24,259,150
25,244,184
26,261,184
27,241,220
28,260,221
29,241,225
30,256,226
31,246,231
32,265,235
0,234,88
1,230,88
2,229,88
3,228,88
4,233,88
5,233,88
6,234,88
7,227,92
8,235,90
9,234,91
10,237,91
11,225,106
12,254,101
13,213,115
14,266,93
15,194,111
16,273,61
17,187,110
18,278,65
19,188,108
20,275,64
21,192,109
22,274,67
23,241,154
24,259,153
25,243,188
26,261,187
27,240,222
28,261,224
29,240,227
30,257,228
31,246,232
32,267,237
0,236,90
1,233,89
2,232,89
3,232,89
4,234,90
5,235,90
6,235,90
7,231,93
8,236,94
9,236,93
10,238,93
11,229,105
12,249,107
13,223,101
14,262,100
15,205,83
16,266,74
17,211,78
18,268,70
19,212,78
20,265,69
21,211,80
22,265,71
23,243,156
24,253,156
25,245,191
26,257,190
27,243,224
28,257,226
29,242,229
30,256,228
31,253,239
32,264,238
0,237,90
1,235,89
2,234,89
3,232,89
4,235,89
5,235,90
6,232,91
7,235,92
8,234,94
9,237,93
10,240,93
11,250,105
12,234,109
13,254,96
14,239,103
15,248,72
16,245,76
17,246,67
18,247,70
19,246,66
20,246,70
21,246,68
22,246,72
23,251,158
24,247,158
25,252,192
26,250,192
27,254,227
28,247,226
29,253,234
30,244,229
31,260,240
32,255,239
0,238,89
1,235,87
2,234,87
3,232,86
4,236,89
5,237,90
6,235,91
7,233,91
8,235,93
9,238,91
10,241,93
11,236,103
12,244,108
13,246,88
14,244,99
15,241,67
16,254,76
17,240,61
18,264,69
19,241,60
20,261,68
21,242,63
22,260,70
23,243,160
24,251,158
25,247,195
26,253,194
27,244,228
28,252,231
29,243,233
30,245,234
31,251,244
32,261,243
0,246,92
1,243,91
2,242,91
3,240,91
4,245,92
5,245,93
6,245,94
7,235,94
8,243,96
9,246,94
10,247,96
11,228,109
12,249,108
13,211,127
14,256,98
15,185,138
16,263,76
17,180,146
18,269,72
19,180,144
20,267,70
21,182,142
22,266,72
23,239,161
24,253,160
25,242,197
26,253,197
27,241,232
28,257,234
29,240,238
30,251,238
31,251,242
32,264,246
0,246,93
1,243,92
2,242,91
3,240,91
4,244,93
5,244,94
6,244,95
7,233,95
8,243,98
9,246,97
10,247,97
11,224,112
12,250,111
13,216,116
14,258,100
15,202,118
16,262,85
17,197,119
18,265,82
19,198,118
20,262,81
21,201,118
22,261,82
23,237,165
24,253,164
25,241,201
26,255,200
27,240,235
28,257,238
29,238,241
30,252,241
31,250,245
32,264,250
0,245,95
1,242,91
2,242,91
3,240,91
4,244,94
5,244,94
6,243,94
7,234,94
8,240,97
9,245,98
10,245,99
11,226,112
12,245,109
13,221,123
14,256,100
15,210,134
16,259,87
17,207,138
18,260,84
19,208,136
20,258,84
21,210,135
22,257,86
23,238,167
24,250,166
25,241,205
26,254,205
27,240,241
28,255,242
29,239,247
30,250,244
31,250,252
32,260,253
0,241,95
1,238,92
2,237,92
3,236,92
4,239,93
5,239,94
6,239,94
7,232,94
8,238,97
9,240,98
10,240,101
11,224,115
12,244,115
13,233,120
14,256,105
15,243,94
16,258,84
17,243,89
18,260,80
19,244,88
20,257,80
21,245,90
22,256,82
23,233,171
24,248,170
25,238,209
26,254,208
27,238,244
28,255,246
29,237,250
30,250,250
31,246,253
32,260,258
0,241,94
1,238,92
2,237,92
3,236,91
4,239,92
5,239,93
6,239,93
7,232,93
8,237,96
9,240,98
10,240,99
11,221,113
12,243,114
13,233,115
14,257,114
15,244,91
16,258,87
17,245,85
18,261,81
19,247,84
20,257,80
21,247,87
22,255,82
23,229,174
24,246,172
25,235,214
26,253,213
27,236,250
28,255,251
29,235,255
30,250,255
31,243,257
32,260,262
0,238,108
1,236,106
2,236,103
3,235,103
4,238,105
5,238,105
6,238,105
7,230,106
8,236,108
9,236,111
10,238,111
11,220,127
12,242,122
13,230,134
14,251,108
15,238,129
16,253,86
17,236,128
18,256,81
19,237,126
20,253,79
21,238,126
22,252,82
23,227,180
24,244,177
25,233,218
26,252,217
27,235,253
28,254,254
29,235,258
30,249,258
31,241,262
32,260,266
0,239,117
1,239,112
2,238,112
3,237,112
4,238,116
5,238,116
6,239,116
7,231,113
8,236,117
9,237,119
10,238,119
11,219,133
12,238,124
13,222,147
14,248,107
15,221,152
16,251,89
17,218,154
18,254,85
19,220,152
20,252,84
21,222,151
22,250,86
23,225,182
24,241,179
25,233,222
26,250,220
27,234,258
28,253,258
29,233,262
30,249,262
31,241,268
32,259,270
0,233,123
1,232,120
2,231,120
3,230,120
4,234,121
5,234,121
6,235,121
7,226,122
8,234,123
9,231,125
10,233,125
11,212,139
12,238,134
13,221,144
14,249,111
15,220,140
16,253,91
17,218,139
18,256,85
19,219,137
20,253,84
21,221,138
22,251,87
23,222,193
24,240,190
25,230,229
26,248,227
27,232,264
28,251,263
29,232,267
30,248,266
31,237,274
32,256,275
0,232,124
1,230,123
2,228,122
3,227,122
4,232,124
5,232,124
6,233,123
7,224,124
8,231,127
9,229,127
10,231,127
11,211,137
12,236,138
13,229,133
14,251,125
15,246,123
16,255,101
17,247,115
18,259,97
19,249,115
20,255,96
21,250,118
22,253,98
23,220,197
24,239,194
25,227,234
26,246,232
27,230,269
28,250,269
29,231,275
30,248,274
31,235,276
32,255,279
0,228,130
1,227,129
2,226,129
3,225,128
4,230,129
5,231,130
6,232,130
7,223,130
8,232,132
9,225,132
10,228,133
11,209,143
12,235,142
13,223,135
14,246,129
15,239,123
16,251,114
17,240,117
18,253,110
19,243,118
20,251,110
21,243,120
22,249,112
23,218,203
24,237,200
25,225,241
26,243,239
27,228,274
28,247,273
29,229,280
30,245,278
31,233,283
32,249,284
0,223,140
1,221,138
2,220,138
3,219,138
4,224,138
5,225,139
6,225,139
7,216,139
8,226,141
9,221,142
10,224,142
11,204,151
12,232,153
13,221,139
14,246,141
15,236,124
16,251,122
17,237,119
18,254,117
19,239,119
20,251,117
21,240,122
22,249,119
23,215,209
24,234,206
25,223,246
26,241,244
27,226,280
28,246,278
29,228,285
30,244,283
31,231,288
32,248,289
0,220,143
1,217,142
2,216,142
3,215,141
4,220,143
5,221,144
6,222,144
7,212,143
8,222,145
9,217,146
10,220,147
11,204,153
12,228,157
13,219,137
14,242,154
15,232,116
16,246,136
17,233,109
18,251,130
19,234,109
20,248,128
21,236,112
22,247,129
23,213,213
24,232,211
25,221,251
26,238,250
27,224,285
28,242,285
29,225,289
30,241,289
31,229,291
32,245,293
0,225,134
1,222,131
2,221,131
3,220,131
4,225,132
5,225,132
6,226,132
7,217,133
8,223,135
9,223,137
10,225,138
11,203,153
12,229,155
13,215,159
14,244,165
15,232,150
16,247,151
17,233,147
18,248,145
19,235,146
20,247,145
21,236,147
22,245,147
23,210,216
24,229,214
25,218,256
26,235,255
27,222,289
28,239,289
29,222,293
30,238,293
31,228,294
32,245,301
0,222,146
1,215,148
2,214,148
3,214,148
4,218,148
5,218,148
6,219,148
7,211,150
8,217,151
9,215,152
10,218,154
11,200,164
12,223,164
13,217,159
14,240,162
15,232,144
16,238,144
17,233,140
18,238,139
19,234,139
20,235,138
21,235,141
22,235,140
23,207,223
24,225,221
25,215,263
26,233,261
27,220,294
28,235,295
29,221,297
30,234,297
31,226,298
32,236,300
0,212,161
1,209,160
2,208,160
3,206,160
4,212,160
5,215,160
6,216,160
7,205,164
8,215,164
9,209,164
10,212,164
11,196,173
12,220,175
13,212,153
14,236,160
15,225,143
16,236,137
17,225,130
18,238,131
19,227,132
20,235,131
21,227,139
22,233,133
23,204,231
24,222,229
25,212,268
26,231,267
27,215,296
28,229,298
29,216,299
30,224,308
31,220,304
32,232,321
0,205,164
1,204,163
2,202,163
3,201,163
4,205,163
5,206,163
6,206,164
7,199,165
8,205,166
9,204,166
10,206,167
11,194,177
12,211,178
13,215,155
14,229,160
15,230,136
16,236,136
17,230,129
18,238,130
19,231,132
20,236,129
21,232,134
22,234,131
23,202,236
24,218,234
25,210,274
26,225,272
27,213,311
28,223,304
29,213,315
30,221,316
31,217,320
32,228,325
0,203,169
1,202,166
2,202,166
3,202,166
4,200,167
5,200,167
6,200,166
7,200,168
8,199,168
9,201,172
10,201,171
11,198,183
12,197,182
13,221,166
14,216,171
15,232,139
16,226,150
17,232,131
18,229,144
19,232,131
20,227,144
21,232,134
22,226,147
23,199,241
24,206,240
25,207,279
26,218,276
27,208,315
28,219,304
29,208,320
30,219,317
31,212,324
32,224,325
0,199,172
1,196,171
2,196,171
3,196,170
4,200,171
5,200,171
6,200,170
7,195,169
8,201,172
9,196,175
10,199,175
11,181,186
12,207,185
13,186,174
14,228,173
15,193,155
16,229,152
17,191,150
18,231,147
19,198,144
20,227,147
21,200,147
22,226,149
23,193,248
24,210,245
25,201,283
26,215,282
27,202,318
28,217,313
29,203,323
30,214,316
31,206,327
32,219,327
0,198,174
1,197,171
2,197,170
3,197,170
4,198,171
5,198,171
6,198,171
7,193,171
8,194,177
9,196,177
10,197,177
11,175,186
12,205,186
13,178,177
14,228,177
15,183,164
16,220,165
17,181,159
18,219,162
19,184,158
20,215,162
21,185,161
22,214,164
23,187,245
24,205,243
25,196,280
26,212,280
27,196,312
28,212,304
29,195,317
30,209,314
31,203,318
32,217,319
0,201,162
1,199,161
2,199,161
3,198,160
4,201,161
5,201,161
6,201,160
7,193,161
8,198,165
9,199,165
10,200,165
11,171,176
12,204,178
13,170,177
14,223,179
15,179,162
16,224,170
17,177,156
18,225,168
19,180,154
20,222,166
21,181,158
22,221,168
23,182,237
24,202,237
25,188,272
26,208,279
27,190,305
28,205,314
29,190,307
30,201,323
31,199,317
32,218,317
0,190,158
1,188,157
2,187,157
3,187,156
4,189,157
5,189,158
6,189,158
7,183,158
8,187,163
9,188,162
10,189,162
11,164,175
12,197,175
13,170,182
14,218,187
15,175,170
16,219,182
17,171,166
18,219,181
19,173,166
20,216,179
21,174,167
22,215,180
23,175,234
24,194,234
25,188,270
26,205,279
27,185,303
28,205,322
29,184,304
30,200,332
31,194,311
32,218,325
0,174,178
1,172,176
2,171,176
3,172,177
4,174,176
5,175,176
6,175,177
7,168,179
8,175,179
9,173,180
10,175,180
11,158,192
12,186,191
13,165,191
14,215,199
15,169,179
16,218,186
17,166,176
18,219,182
19,168,175
20,216,180
21,170,176
22,214,182
23,172,243
24,188,243
25,182,273
26,201,281
27,181,308
28,202,320
29,180,314
30,198,327
31,188,312
32,214,322
0,168,180
1,165,178
2,164,178
3,164,179
4,167,178
5,168,178
6,168,178
7,161,181
8,168,181
9,166,183
10,168,183
11,152,198
12,179,195
13,156,205
14,202,204
15,161,193
16,209,189
17,160,191
18,212,185
19,162,189
20,209,182
21,163,190
22,206,185
23,167,247
24,183,245
25,174,274
26,199,279
27,170,306
28,199,322
29,170,313
30,195,330
31,173,312
32,210,323
0,162,179
1,159,178
2,159,178
3,158,178
4,161,178
5,162,178
6,162,178
7,155,180
8,161,179
9,160,182
10,162,182
11,145,199
12,170,193
13,142,209
14,191,208
15,152,202
16,207,202
17,153,201
18,212,202
19,155,198
20,208,198
21,156,199
22,206,198
23,161,246
24,177,243
25,169,272
26,194,277
27,164,304
28,194,312
29,163,312
30,191,326
31,167,311
32,200,310
0,156,179
1,153,178
2,153,178
3,152,178
4,155,177
5,155,178
6,156,178
7,149,181
8,155,180
9,155,182
10,157,182
11,141,199
12,167,196
13,127,211
14,185,213
15,138,208
16,201,209
17,140,207
18,206,208
19,142,206
20,204,206
21,142,206
22,203,206
23,157,246
24,173,243
25,163,272
26,188,274
27,158,299
28,191,297
29,156,302
30,189,301
31,159,304
32,193,298
0,149,181
1,146,179
2,146,179
3,145,180
4,148,179
5,149,179
6,149,179
7,143,182
8,149,181
9,148,183
10,150,183
11,135,200
12,162,197
13,120,214
14,176,216
15,127,211
16,196,215
17,128,209
18,201,215
19,130,208
20,201,213
21,131,209
22,199,213
23,151,246
24,167,243
25,156,271
26,184,275
27,148,298
28,186,301
29,147,303
30,186,305
31,148,303
32,190,304
0,144,182
1,142,179
2,141,180
3,140,180
4,143,179
5,144,179
6,144,179
7,138,182
8,144,182
9,143,184
10,145,184
11,128,201
12,156,198
13,114,216
14,168,219
15,121,213
16,192,221
17,122,213
18,198,221
19,125,212
20,197,219
21,125,212
22,195,219
23,145,246
24,161,244
25,150,271
26,179,275
27,142,296
28,182,302
29,141,303
30,181,306
31,143,303
32,193,304
0,137,182
1,134,179
2,133,179
3,132,180
4,136,179
5,137,179
6,137,179
7,131,182
8,138,181
9,136,184
10,138,184
11,122,200
12,151,199
13,108,216
14,163,222
15,113,213
16,188,228
17,114,212
18,196,231
19,117,210
20,195,229
21,117,211
22,193,228
23,140,246
24,156,243
25,144,269
26,174,276
27,134,295
28,179,308
29,132,300
30,176,312
31,134,297
32,188,306
0,130,183
1,128,180
2,127,180
3,126,180
4,130,180
5,131,180
6,131,180
7,124,182
8,132,181
9,129,185
10,132,185
11,114,200
12,144,199
13,102,218
14,154,223
15,106,214
16,173,234
17,107,213
18,181,238
19,109,211
20,181,234
21,109,212
22,177,234
23,134,246
24,150,243
25,139,263
26,168,276
27,135,291
28,173,307
29,134,295
30,171,313
31,136,294
32,183,308
0,123,183
1,121,181
2,120,181
3,119,181
4,123,180
5,124,180
6,124,180
7,117,183
8,125,182
9,122,185
10,124,185
11,107,201
12,137,199
13,96,218
14,148,223
15,100,215
16,162,239
17,100,215
18,166,243
19,104,213
20,166,242
21,104,214
22,164,242
23,128,246
24,143,244
25,134,263
26,162,275
27,131,286
28,169,306
29,130,290
30,167,312
31,132,291
32,177,308
0,116,184
1,114,181
2,112,181
3,111,181
4,116,180
5,117,180
6,118,180
7,110,183
8,119,182
9,115,186
10,118,186
11,100,201
12,131,200
13,92,217
14,143,223
15,94,217
16,155,244
17,94,215
18,161,249
19,97,213
20,159,249
21,98,214
22,157,247
23,123,247
24,137,244
25,131,262
26,156,275
27,126,284
28,164,306
29,125,287
30,163,312
31,128,290
32,172,309
0,108,183
1,105,180
2,104,181
3,103,181
4,108,180
5,109,180
6,110,180
7,103,183
8,111,182
9,106,186
10,110,185
11,94,201
12,125,199
13,84,218
14,135,222
15,86,217
16,147,243
17,85,218
18,149,248
19,87,217
20,148,248
21,89,217
22,147,246
23,117,247
24,132,244
25,122,259
26,148,273
27,119,279
28,155,302
29,119,282
30,154,306
31,121,286
32,161,309
0,101,184
1,99,181
2,98,181
3,97,182
4,102,181
5,103,181
6,104,180
7,97,183
8,105,182
9,100,186
10,104,186
11,89,202
12,118,199
13,81,224
14,126,219
15,79,222
16,122,233
17,78,223
18,121,237
19,80,221
20,120,237
21,82,220
22,120,236
23,111,247
24,126,245
25,115,259
26,143,273
27,112,279
28,147,301
29,112,281
30,145,305
31,113,285
32,153,309
0,96,184
1,93,182
2,92,182
3,91,183
4,96,181
5,97,181
6,97,181
7,91,184
8,99,183
9,94,187
10,98,186
11,85,203
12,110,199
13,75,223
14,121,221
15,73,226
16,129,243
17,71,227
18,129,252
19,73,225
20,132,251
21,74,224
22,128,251
23,106,247
24,122,244
25,110,268
26,134,271
27,97,289
28,140,300
29,95,289
30,140,305
31,97,295
32,144,308
0,89,185
1,86,182
2,85,182
3,85,183
4,89,182
5,90,181
6,91,181
7,84,184
8,92,183
9,88,187
10,91,187
11,78,203
12,104,199
13,67,220
14,115,222
15,61,226
16,125,245
17,59,230
18,128,252
19,59,230
20,128,252
21,61,229
22,127,251
23,99,247
24,115,245
25,102,269
26,132,274
27,91,291
28,135,302
29,90,293
30,134,306
31,90,297
32,139,313
0,89,184
1,85,182
2,84,182
3,83,182
4,87,181
5,87,181
6,87,181
7,82,184
8,87,182
9,88,187
10,90,186
11,78,204
12,97,199
13,68,227
14,105,224
15,65,238
16,114,245
17,63,242
18,113,253
19,64,240
20,116,251
21,66,239
22,113,252
23,96,248
24,109,246
25,95,276
26,126,276
27,85,295
28,129,308
29,83,298
30,126,312
31,84,304
32,132,316
0,83,183
1,80,182
2,79,182
3,78,182
4,82,181
5,82,181
6,82,181
7,76,183
8,82,182
9,83,186
10,85,186
11,70,204
12,91,199
13,59,223
14,93,222
15,47,234
16,90,239
17,43,238
18,88,245
19,45,237
20,88,244
21,46,236
22,88,244
23,89,248
24,101,246
25,86,277
26,120,276
27,80,298
28,122,308
29,77,300
30,119,312
31,78,306
32,126,315
0,75,182
1,72,180
2,71,181
3,70,181
4,73,179
5,74,179
6,74,179
7,68,183
8,74,181
9,75,185
10,77,185
11,64,203
12,83,196
13,52,222
14,82,221
15,40,234
16,76,237
17,37,238
18,73,243
19,38,241
20,74,243
21,40,236
22,74,241
23,83,248
24,97,246
25,84,277
26,113,276
27,74,299
28,113,307
29,72,301
30,111,310
31,73,305
32,117,315
0,69,179
1,65,178
2,64,178
3,63,179
4,68,177
5,68,177
6,68,177
7,62,181
8,68,179
9,68,183
10,71,182
11,56,202
12,77,195
13,45,222
14,72,220
15,34,235
16,64,242
17,30,238
18,59,249
19,30,239
20,62,248
21,32,237
22,63,246
23,76,247
24,90,245
25,85,276
26,107,276
27,71,292
28,106,305
29,69,293
30,104,307
31,68,299
32,109,315
0,63,177
1,59,176
2,58,176
3,57,177
4,61,175
5,62,175
6,62,174
7,56,179
8,62,177
9,62,181
10,64,180
11,51,200
12,70,194
13,40,220
14,60,218
15,27,235
16,52,242
17,24,239
18,45,249
19,25,239
20,47,250
21,27,238
22,50,247
23,72,247
24,82,245
25,78,277
26,100,277
27,64,298
28,102,310
29,63,299
30,100,313
31,66,305
32,107,319
0,58,172
1,54,171
2,53,171
3,52,172
4,55,170
5,55,170
6,55,171
7,50,175
8,54,174
9,58,175
10,59,174
11,45,197
12,63,193
13,35,219
14,56,217
15,24,234
16,51,241
17,20,239
18,45,249
19,21,240
20,46,249
21,23,239
22,49,247
23,66,246
24,75,245
25,66,278
26,94,278
27,59,301
28,91,313
29,56,302
30,88,317
31,59,308
32,95,321
0,52,170
1,48,169
2,47,170
3,47,170
4,49,169
5,49,169
6,49,169
7,45,173
8,48,172
9,52,174
10,52,173
11,41,196
12,56,190
13,32,221
14,51,215
15,21,234
16,49,235
17,17,239
18,47,240
19,18,239
20,48,239
21,19,237
22,48,237
23,61,244
24,71,243
25,64,281
26,87,278
27,54,308
28,82,312
29,53,316
30,79,317
31,54,318
32,86,322
0,46,170
1,42,169
2,42,169
3,41,170
4,43,168
5,43,168
6,43,168
7,39,172
8,42,171
9,46,173
10,47,172
11,35,196
12,51,189
13,28,221
14,47,214
15,19,232
16,43,230
17,16,240
18,41,235
19,18,239
20,41,234
21,19,237
22,42,232
23,53,244
24,66,241
25,57,280
26,80,278
27,49,309
28,75,311
29,49,317
30,72,316
31,50,318
32,78,321
0,40,167
1,35,166
2,34,166
3,34,167
4,35,165
5,35,166
6,35,166
7,32,169
8,34,168
9,39,170
10,39,170
11,35,193
12,41,186
13,33,219
14,36,211
15,32,232
16,37,221
17,31,238
18,37,224
19,32,238
20,37,222
21,33,236
22,37,221
23,51,242
24,57,239
25,60,279
26,73,277
27,46,306
28,63,311
29,43,311
30,59,315
31,46,314
32,67,322
0,33,164
1,28,165
2,28,165
3,28,166
4,28,165
5,28,165
6,28,165
7,27,168
8,28,168
9,32,169
10,32,168
11,34,190
12,36,183
13,38,218
14,30,212
15,40,236
16,35,223
17,44,243
18,35,225
19,44,242
20,37,223
21,42,240
22,36,223
23,48,240
24,48,237
25,57,279
26,65,276
27,44,308
28,57,309
29,41,312
30,53,311
31,46,318
32,62,321
0,24,160
1,21,161
2,21,161
3,21,161
4,20,161
5,20,161
6,20,162
7,21,164
8,20,165
9,26,163
10,25,164
11,30,185
12,24,183
13,29,209
14,14,207
15,31,222
16,12,216
17,33,226
18,11,219
19,33,225
20,11,218
21,32,223
22,12,217
23,47,235
24,40,234
25,61,273
26,56,274
27,45,304
28,44,306
29,41,305
30,41,307
31,45,315
32,46,320
0,19,161
1,16,161
2,16,161
3,16,161
4,15,161
5,15,161
6,15,162
7,16,163
8,15,164
9,20,164
10,19,165
11,26,184
12,20,182
13,30,208
14,15,205
15,32,221
16,14,211
17,33,226
18,13,214
19,33,225
20,14,212
21,32,222
22,14,211
23,41,235
24,34,234
25,55,272
26,48,273
27,38,304
28,38,307
29,34,306
30,35,307
31,36,316
32,41,324
0,15,161
1,12,160
2,12,160
3,12,160
4,10,160
5,10,160
6,10,161
7,11,162
8,9,164
9,16,165
10,17,164
11,25,183
12,16,183
13,31,210
14,18,208
15,33,222
16,23,214
17,39,228
18,24,218
19,38,227
20,24,216
21,34,224
22,23,215
23,35,237
24,29,235
25,40,276
26,38,277
27,28,311
28,31,314
29,26,314
30,29,316
31,28,323
32,35,329
0,13,161
1,9,160
2,9,160
3,9,160
4,9,160
5,8,160
6,8,161
7,6,163
8,5,164
9,14,165
10,13,165
11,12,184
12,10,182
13,21,210
14,15,207
15,30,224
16,22,214
17,33,229
18,24,218
19,32,228
20,23,215
21,31,225
22,22,214
23,25,238
24,22,236
25,32,277
26,31,278
27,20,311
28,26,314
29,17,315
30,24,318
31,23,323
32,33,328
0,7,162
1,6,161
2,7,162
3,8,162
4,4,161
5,3,162
6,2,162
7,7,164
8,0,165
9,9,166
10,6,167
11,12,183
12,1,183
13,23,205
14,10,205
15,31,219
16,19,202
17,33,224
18,22,203
19,32,222
20,20,199
21,31,220
22,19,199
23,22,235
24,14,235
25,25,277
26,23,277
27,16,310
28,22,313
29,14,314
30,21,316
31,16,321
32,25,327
0,-4,169
1,-3,165
2,-2,165
3,-1,164
4,-7,166
5,-9,166
6,-10,167
7,0,165
8,-12,168
9,-1,172
10,-6,173
11,11,180
12,-15,185
13,23,200
14,-2,206
15,22,209
16,8,200
17,23,212
18,11,200
19,21,210
20,9,197
21,20,209
22,8,198
23,19,233
24,1,235
25,23,275
26,6,277
27,17,308
28,8,311
29,15,311
30,9,314
31,18,320
32,9,326
0,290,121
1,288,121
2,287,121
3,287,120
4,289,122
5,289,123
6,289,123
7,286,119
8,290,123
9,290,119
10,291,120
11,287,110
12,298,122
13,291,97
14,308,115
15,299,89
16,314,109
17,300,87
18,315,108
19,301,88
20,314,108
21,301,89
22,313,108
23,300,102
24,306,109
25,297,92
26,318,111
27,308,97
28,315,112
29,309,99
30,314,112
31,310,96
32,316,114
