0,234,117,0.10013429820537567
1,232,114,0.08093458414077759
2,230,114,0.08088207244873047
3,229,114,0.08081596344709396
4,234,114,0.07283751666545868
5,235,114,0.07285888493061066
6,236,114,0.0727403536438942
7,226,116,0.010995050892233849
8,236,116,-0.024097753688693047
9,232,121,0.08062608540058136
10,235,121,0.07065028697252274
11,203,138,0.0305044986307621
12,242,139,-0.09645936638116837
13,207,173,0.041306041181087494
14,240,176,-0.08978044986724854
15,209,198,0.037715598940849304
16,244,210,-0.05400400608778
17,208,205,0.04163181409239769
18,245,219,-0.062021270394325256
19,211,204,0.03373360633850098
20,244,218,-0.05861816555261612
21,212,202,0.03407646715641022
22,243,215,-0.051792990416288376
23,203,209,0.04322255030274391
24,226,209,-0.043447211384773254
25,215,245,0.1980743110179901
26,229,248,0.11560069024562836
27,218,282,0.2611050009727478
28,225,284,0.19011832773685455
29,216,289,0.2658120393753052
30,221,291,0.19896788895130157
31,226,286,0.2498014271259308
32,234,291,0.18159323930740356
0,233,119,0.08604975044727325
1,231,115,0.06320513784885406
2,230,114,0.06319641321897507
3,228,114,0.0631277859210968
4,234,115,0.05959440395236015
5,235,116,0.05964178964495659
6,236,116,0.059540215879678726
7,224,116,-0.009643935598433018
8,236,118,-0.02622125670313835
9,231,122,0.06670039892196655
10,234,123,0.062019817531108856
11,201,138,0.010055332444608212
12,242,140,-0.09141805022954941
13,186,150,0.1111229658126831
14,241,177,-0.046498145908117294
15,187,134,0.239723339676857
16,244,211,0.03163429722189903
17,181,132,0.25867047905921936
18,245,219,0.03214368596673012
19,187,130,0.25402718782424927
20,244,218,0.03028401918709278
21,189,133,0.24191328883171082
22,243,215,0.03450903296470642
23,203,212,0.04043654352426529
24,226,212,-0.040677204728126526
25,211,249,0.2134598046541214
26,228,254,0.12858062982559204
27,216,283,0.3600105047225952
28,225,287,0.2849915623664856
29,215,291,0.37532636523246765
30,220,293,0.30551421642303467
31,224,286,0.3840252757072449
32,233,294,0.3134951591491699
0,232,120,0.11075317114591599
1,230,115,0.08408700674772263
2,228,115,0.08408679068088531
3,226,115,0.08399698138237
4,233,116,0.08351156860589981
5,234,117,0.08350788056850433
6,235,117,0.08339166641235352
7,223,117,-0.0045695616863667965
8,235,119,-0.009906409308314323
9,229,123,0.0843886286020279
10,233,124,0.08325520157814026
11,200,138,-0.006577613297849894
12,242,143,-0.057652853429317474
13,188,158,0.09626850485801697
14,242,177,-0.04311728477478027
15,192,164,0.1546706259250641
16,244,207,-0.006018455605953932
17,190,166,0.16658958792686462
18,245,214,-0.013152622617781162
19,195,164,0.1648535579442978
20,244,214,-0.011810570023953915
21,197,164,0.1569007933139801
22,243,210,-0.00340798101387918
23,202,214,0.016261259093880653
24,226,215,-0.016527710482478142
25,209,248,0.21362563967704773
26,227,255,0.1727176308631897
27,218,279,0.3155222535133362
28,226,287,0.2831234335899353
29,219,285,0.3256317675113678
30,224,292,0.2983503043651581
31,224,280,0.3319362998008728
32,233,294,0.30825239419937134
0,232,120,0.07140921801328659
1,230,116,0.04558568075299263
2,228,116,0.0455777607858181
3,226,115,0.04552258551120758
4,233,117,0.04238995164632797
5,234,117,0.04243209958076477
6,235,117,0.04231560602784157
7,222,117,-0.03596504032611847
8,235,120,-0.05037572234869003
9,229,123,0.048630490899086
10,233,124,0.044744737446308136
11,200,138,-0.019264904782176018
12,242,144,-0.10142684727907181
13,187,156,0.08423969894647598
14,242,178,-0.0557507686316967
15,191,156,0.18985991179943085
16,244,205,-0.0186112429946661
17,189,157,0.20507892966270447
18,245,212,-0.024502551183104515
19,194,155,0.1971069872379303
20,244,211,-0.024053411558270454
21,195,155,0.19046328961849213
22,243,209,-0.016631601378321648
23,202,214,0.03080478124320507
24,226,215,-0.031107353046536446
25,209,245,0.24260058999061584
26,227,254,0.15144214034080505
27,217,279,0.3777998685836792
28,225,288,0.2852001488208771
29,216,286,0.39151668548583984
30,221,294,0.3033035695552826
31,224,281,0.3980991244316101
32,232,296,0.3065533936023712
0,231,121,0.08066673576831818
1,229,116,0.04999315366148949
2,228,116,0.049932874739170074
3,226,116,0.049808744341135025
4,232,117,0.0488138273358345
5,233,118,0.04881894215941429
6,234,118,0.04871629178524017
7,222,118,-0.021364934742450714
8,235,120,-0.043399691581726074
9,228,124,0.054079607129096985
10,232,125,0.050278376787900925
11,198,138,-0.014618097804486752
12,241,145,-0.0898132473230362
13,191,158,0.07262178510427475
14,242,178,-0.049258001148700714
15,194,165,0.14648224413394928
16,239,197,0.00436138641089201
17,193,168,0.15824522078037262
18,239,203,0.002932001370936632
19,197,165,0.15323136746883392
20,238,200,0.004041749518364668
21,198,165,0.14746731519699097
22,238,198,0.006321155931800604
23,202,216,0.032207366079092026
24,226,217,-0.03249474987387657
25,213,244,0.2933718264102936
26,233,253,0.1797577142715454
27,220,277,0.37225672602653503
28,228,286,0.2763461470603943
29,219,284,0.3809463083744049
30,224,291,0.2903827130794525
31,229,281,0.39042872190475464
32,236,295,0.298225462436676
0,231,121,0.08513578772544861
1,229,117,0.058971602469682693
2,228,116,0.058928877115249634
3,226,116,0.0588405467569828
4,232,118,0.055472273379564285
5,233,118,0.05548558011651039
6,234,118,0.055376648902893066
7,222,118,-0.02108635939657688
8,234,120,-0.039388250559568405
9,228,124,0.06114295870065689
10,232,125,0.055706921964883804
11,198,138,-0.020622624084353447
12,241,146,-0.08537519723176956
13,192,160,0.06822464615106583
14,242,178,-0.03467494994401932
15,196,164,0.1627957969903946
16,238,190,0.040927670896053314
17,194,166,0.17481757700443268
18,237,195,0.042600713670253754
19,198,163,0.17090728878974915
20,237,192,0.040498048067092896
21,200,163,0.16479641199111938
22,237,192,0.042283471673727036
23,202,216,0.029811333864927292
24,226,217,-0.030127353966236115
25,213,243,0.2763948142528534
26,232,253,0.18859794735908508
27,219,276,0.36641567945480347
28,226,283,0.30255258083343506
29,218,283,0.37635892629623413
30,223,289,0.3184593915939331
31,228,280,0.384562224149704
32,232,292,0.3266555070877075
0,230,121,0.08229116350412369
1,229,117,0.05288255214691162
2,227,117,0.052874207496643066
3,225,116,0.052817851305007935
4,231,118,0.05197456106543541
5,232,118,0.05199092999100685
6,233,118,0.05189044773578644
7,221,118,-0.03777109459042549
8,233,120,-0.042188700288534164
9,227,124,0.05679313465952873
10,230,125,0.05506066605448723
11,197,139,-0.02677370235323906
12,240,146,-0.08106536418199539
13,191,157,0.1023082509636879
14,248,174,0.009255576878786087
15,198,150,0.26122769713401794
16,250,162,0.1541500687599182
17,199,150,0.28240689635276794
18,252,161,0.16733619570732117
19,203,147,0.27457377314567566
20,250,158,0.16211001574993134
21,203,148,0.26350563764572144
22,248,158,0.15642878413200378
23,202,217,0.027605442330241203
24,226,219,-0.027864137664437294
25,213,242,0.2617245614528656
26,231,253,0.1734675019979477
27,220,276,0.3607417047023773
28,226,283,0.2807300090789795
29,219,283,0.37348318099975586
30,223,289,0.2963111102581024
31,229,280,0.35459864139556885
32,232,291,0.30899304151535034
0,229,122,0.09635873883962631
1,227,118,0.07017739117145538
2,226,117,0.07018870860338211
3,224,117,0.07010132819414139
4,230,118,0.06569228321313858
5,230,118,0.06569356471300125
6,231,119,0.0655830129981041
7,220,119,-0.014660555869340897
8,231,121,-0.033896975219249725
9,226,125,0.07187767326831818
10,229,125,0.06640463322401047
11,197,140,0.025610866025090218
12,238,146,-0.08509386330842972
13,210,159,0.15967856347560883
14,248,173,-0.0011091363849118352
15,232,158,0.29439985752105713
16,264,170,0.16976967453956604
17,236,160,0.3177851438522339
18,269,171,0.18430259823799133
19,238,157,0.3068154454231262
20,268,167,0.18351395428180695
21,237,158,0.29363811016082764
22,265,167,0.17402327060699463
23,203,217,0.04041576758027077
24,225,218,-0.04063461720943451
25,217,245,0.26012179255485535
26,232,254,0.10773010551929474
27,222,276,0.34357506036758423
28,227,286,0.16407129168510437
29,221,282,0.3558926582336426
30,223,293,0.1735837161540985
31,232,280,0.34772661328315735
32,236,295,0.16291120648384094
0,228,122,0.06977442651987076
1,227,119,0.04461361840367317
2,225,118,0.044614966958761215
3,224,118,0.044523678719997406
4,229,119,0.03955084830522537
5,230,119,0.039571408182382584
6,230,119,0.039469629526138306
7,220,120,-0.032904252409935
8,230,121,-0.05560740455985069
9,226,125,0.047734130173921585
10,229,126,0.04129989445209503
11,197,141,0.020096896216273308
12,237,146,-0.10855049639940262
13,213,160,0.14075694978237152
14,248,172,-0.020031100139021873
15,236,158,0.2809712290763855
16,264,169,0.1376037299633026
17,240,159,0.3029390871524811
18,269,170,0.14915098249912262
19,243,157,0.2899633049964905
20,268,166,0.14636053144931793
21,242,157,0.2793261706829071
22,265,166,0.1404860019683838
23,205,216,0.04369353502988815
24,225,217,-0.043824080377817154
25,220,245,0.253903865814209
26,232,254,0.08944128453731537
27,223,274,0.35307079553604126
28,223,288,0.1782996505498886
29,221,280,0.36450737714767456
30,218,294,0.19029437005519867
31,233,280,0.3638082444667816
32,234,296,0.17441435158252716
0,228,123,0.04567159712314606
1,227,119,0.021914558485150337
2,225,119,0.02192768082022667
3,224,119,0.021865252405405045
4,229,120,0.017739519476890564
5,230,120,0.01775634102523327
6,231,120,0.017687227576971054
7,220,121,-0.04630233347415924
8,231,122,-0.06526190787553787
9,226,126,0.027967780828475952
10,229,126,0.02277841791510582
11,197,141,0.002154872054234147
12,237,146,-0.11239376664161682
13,205,159,0.14308136701583862
14,250,172,-0.019777197390794754
15,229,151,0.3088805675506592
16,262,164,0.15217949450016022
17,230,151,0.3339645266532898
18,266,164,0.16492436826229095
19,234,149,0.32412639260292053
20,262,156,0.16143052279949188
21,234,150,0.31029069423675537
22,259,157,0.15551522374153137
23,205,216,0.04680304601788521
24,225,217,-0.047033920884132385
25,220,241,0.2841932773590088
26,233,253,0.14976166188716888
27,224,269,0.373980313539505
28,226,281,0.2662931978702545
29,222,275,0.3852122724056244
30,221,287,0.28367653489112854
31,238,273,0.4083051383495331
32,239,286,0.30343514680862427
0,228,123,0.02484782226383686
1,227,119,0.008163060992956161
2,226,119,0.008166457526385784
3,224,119,0.00809615571051836
4,230,120,-0.004485520999878645
5,230,120,-0.004456608556210995
6,231,120,-0.0045515731908380985
7,220,121,-0.03705429285764694
8,230,122,-0.08878979831933975
9,226,126,0.016994761303067207
10,229,126,0.0008294942672364414
11,197,140,0.01994529366493225
12,237,138,-0.14615638554096222
13,199,159,0.1825994998216629
14,250,166,-0.0754149854183197
15,226,155,0.32294830679893494
16,267,171,0.135498508810997
17,224,154,0.34583303332328796
18,272,172,0.1443026065826416
19,229,153,0.3320116102695465
20,271,169,0.12429072707891464
21,231,153,0.3213972747325897
22,269,168,0.12099973857402802
23,206,216,0.058738648891448975
24,225,217,-0.059026408940553665
25,224,237,0.2843951880931854
26,233,249,0.13662666082382202
27,229,267,0.43227747082710266
28,227,281,0.2850264608860016
29,226,274,0.44879791140556335
30,221,287,0.3059808015823364
31,244,273,0.46486571431159973
32,240,287,0.3126954138278961
0,229,122,0.030702853575348854
1,227,119,0.012407821603119373
2,226,119,0.012389077804982662
3,224,119,0.012295600958168507
4,230,120,-0.000511040969286114
5,230,120,-0.00047571855247952044
6,230,119,-0.000590515963267535
7,220,121,-0.03618556633591652
8,230,121,-0.09320206195116043
9,226,124,0.020180480554699898
10,229,125,0.003624051809310913
11,197,140,0.022186774760484695
12,237,136,-0.1555294245481491
13,201,160,0.18111573159694672
14,250,167,-0.08141142874956131
15,220,159,0.318196564912796
16,269,171,0.11301658302545547
17,221,161,0.3397592306137085
18,276,174,0.12898974120616913
19,224,158,0.3247765898704529
20,273,170,0.1079513356089592
21,225,158,0.3156975507736206
22,272,169,0.10276621580123901
23,207,216,0.059887129813432693
24,224,217,-0.06007350981235504
25,229,237,0.2751406729221344
26,232,247,0.12686896324157715
27,231,267,0.4349445402622223
28,226,279,0.29805994033813477
29,227,273,0.4525514543056488
30,220,285,0.32089561223983765
31,244,273,0.4619768261909485
32,239,286,0.32119855284690857
0,229,122,0.040443941950798035
1,227,119,0.01989983767271042
2,226,119,0.019898846745491028
3,224,119,0.019859055057168007
4,230,120,0.010542730800807476
5,230,120,0.010564860887825489
6,231,119,0.010454457253217697
7,220,121,-0.03392123058438301
8,230,121,-0.07835879921913147
9,226,124,0.02814171276986599
10,229,125,0.015395077876746655
11,197,140,0.0188946221023798
12,235,137,-0.1392515003681183
13,189,148,0.1649468094110489
14,253,162,-0.02330847457051277
15,185,131,0.30804839730262756
16,265,150,0.18910975754261017
17,181,130,0.32942017912864685
18,271,149,0.20189301669597626
19,186,130,0.31961590051651
20,268,146,0.19925333559513092
21,187,132,0.3093433678150177
22,266,147,0.19414637982845306
23,207,216,0.057602014392614365
24,224,218,-0.057870350778102875
25,226,232,0.29819419980049133
26,236,242,0.1391945779323578
27,231,263,0.46839389204978943
28,232,274,0.32729655504226685
29,228,270,0.4886672794818878
30,226,280,0.3530542552471161
31,245,268,0.515748143196106
32,244,279,0.3757067620754242
0,229,122,0.03131461516022682
1,228,119,0.009868187829852104
2,226,119,0.00987347774207592
3,225,119,0.009841596707701683
4,230,120,0.0018419487169012427
5,230,120,0.0018595315050333738
6,231,120,0.001753134885802865
7,220,121,-0.04352593794465065
8,230,122,-0.08216957002878189
9,226,125,0.01980051025748253
10,229,126,0.008557773195207119
11,197,140,-0.00029225656180642545
12,234,138,-0.12968993186950684
13,189,146,0.15339632332324982
14,253,159,-0.008694380521774292
15,183,129,0.2995060682296753
16,264,145,0.2000119388103485
17,180,127,0.3206459879875183
18,268,144,0.2120330035686493
19,183,128,0.3112280070781708
20,266,141,0.20866866409778595
21,186,129,0.3009357750415802
22,266,142,0.2049783319234848
23,207,217,0.055758167058229446
24,224,218,-0.056007079780101776
25,224,233,0.28439947962760925
26,237,242,0.1407117247581482
27,232,264,0.4650459289550781
28,235,275,0.33736488223075867
29,230,271,0.4873734414577484
30,230,282,0.3637247681617737
31,246,267,0.5143733620643616
32,246,280,0.38412389159202576
0,229,121,0.027518872171640396
1,228,118,0.008487424813210964
2,226,118,0.008486475795507431
3,225,118,0.008450173772871494
4,230,119,-0.0023076594807207584
5,230,119,-0.0022922176867723465
6,230,119,-0.002398106502369046
7,219,119,-0.03950003907084465
8,227,120,-0.08738011866807938
9,225,124,0.018995758146047592
10,228,124,0.004308680538088083
11,195,139,0.0004609956231433898
12,234,138,-0.12700055539608002
13,190,143,0.16712640225887299
14,253,148,-0.02076828107237816
15,188,126,0.32236963510513306
16,251,130,0.17107222974300385
17,185,123,0.3434990644454956
18,256,130,0.18064668774604797
19,186,126,0.3338643014431
20,253,127,0.17664194107055664
21,190,124,0.3234022557735443
22,251,129,0.17526014149188995
23,207,217,0.054328955709934235
24,224,218,-0.05458635091781616
25,224,231,0.28143638372421265
26,237,241,0.14070920646190643
27,235,260,0.46759819984436035
28,236,274,0.33514153957366943
29,233,268,0.49004292488098145
30,232,281,0.3613465130329132
31,249,263,0.523012101650238
32,248,279,0.38510993123054504
0,231,121,-0.017832379788160324
1,230,117,-0.023318294435739517
2,229,116,-0.02331680990755558
3,228,116,-0.023351628333330154
4,231,117,-0.044745802879333496
5,231,117,-0.044683314859867096
6,230,117,-0.04472039267420769
7,221,116,-0.027022916823625565
8,226,117,-0.1167917400598526
9,228,124,-0.008561293594539165
10,229,124,-0.03720199689269066
11,197,137,0.03772910684347153
12,229,138,-0.15528619289398193
13,205,138,0.2304273098707199
14,254,142,-0.10144400596618652
15,209,118,0.3846954107284546
16,245,114,0.08090200275182724
17,207,113,0.4095539450645447
18,244,108,0.08580684661865234
19,208,112,0.4032749831676483
20,238,107,0.08049037307500839
21,210,114,0.38578882813453674
22,238,109,0.08414138108491898
23,208,215,0.06811768561601639
24,224,217,-0.06829458475112915
25,223,239,0.27653664350509644
26,236,248,0.11005987972021103
27,230,270,0.44351086020469666
28,235,283,0.2831478714942932
29,226,277,0.4624660909175873
30,232,291,0.3046014606952667
31,247,273,0.48289915919303894
32,246,287,0.30419179797172546
0,231,121,0.006845342926681042
1,229,116,-0.004671525210142136
2,229,116,-0.004665405955165625
3,228,116,-0.004700574558228254
4,231,117,-0.021509183570742607
5,231,117,-0.021449901163578033
6,230,116,-0.02149106003344059
7,221,116,-0.019850684329867363
8,227,117,-0.10091017931699753
9,228,124,0.0072588492184877396
10,229,124,-0.014840476214885712
11,197,137,0.03553294017910957
12,229,138,-0.1452457457780838
13,199,140,0.22910480201244354
14,256,142,-0.08813545852899551
15,201,122,0.40189942717552185
16,245,113,0.07484419643878937
17,198,118,0.42924562096595764
18,244,107,0.07802900671958923
19,196,118,0.41946083307266235
20,239,106,0.07398919016122818
21,197,119,0.4027458727359772
22,238,108,0.0780492052435875
23,208,214,0.06575959920883179
24,224,217,-0.06596977263689041
25,221,243,0.27290886640548706
26,236,249,0.11731588840484619
27,227,275,0.43782293796539307
28,234,284,0.2828079164028168
29,223,282,0.45452556014060974
30,230,292,0.30379027128219604
31,243,278,0.4681619703769684
32,245,288,0.3055509030818939
0,231,116,-0.005409263074398041
1,230,110,-0.010617632418870926
2,229,109,-0.010607346892356873
3,228,109,-0.01063619740307331
4,231,110,-0.03412676975131035
5,231,110,-0.03407704830169678
6,231,109,-0.034091826528310776
7,221,109,-0.010878464207053185
8,227,110,-0.11525420099496841
9,228,119,0.0025681289844214916
10,229,120,-0.02841929905116558
11,200,133,0.057415228337049484
12,227,132,-0.1557292938232422
13,214,139,0.2537277340888977
14,255,137,-0.08545515686273575
15,219,118,0.40742018818855286
16,243,108,0.10386863350868225
17,217,113,0.4344615638256073
18,241,101,0.11111462861299515
19,217,111,0.4265119731426239
20,236,100,0.10264948755502701
21,219,114,0.40765365958213806
22,236,103,0.1071835607290268
23,209,211,0.06812315434217453
24,225,212,-0.06829836964607239
25,217,242,0.2646586000919342
26,236,242,0.12191466987133026
27,222,275,0.4301787316799164
28,234,281,0.30843111872673035
29,218,282,0.446543425321579
30,230,290,0.33006513118743896
31,237,278,0.46377381682395935
32,246,282,0.32769230008125305
0,228,109,-0.13569851219654083
1,228,104,-0.12208201736211777
2,228,104,-0.12211118638515472
3,228,104,-0.12215395271778107
4,226,104,-0.1398446261882782
5,225,104,-0.1398356407880783
6,224,104,-0.13990576565265656
7,223,106,-0.023981943726539612
8,219,106,-0.11492513865232468
9,228,113,-0.09727713465690613
10,226,113,-0.1218266561627388
11,226,129,0.0425659604370594
12,205,127,-0.12695418298244476
13,250,130,0.004789052065461874
14,194,142,-0.25115787982940674
15,240,97,-0.04149685427546501
16,187,125,-0.35409262776374817
17,237,84,-0.05496399104595184
18,183,121,-0.3773464858531952
19,235,84,-0.037755146622657776
20,183,120,-0.3798689544200897
21,234,88,-0.037932440638542175
22,186,122,-0.3582511246204376
23,221,203,0.06571181118488312
24,215,204,-0.06605424731969833
25,230,244,0.13915418088436127
26,221,246,-0.029330924153327942
27,225,281,0.2628333568572998
28,217,291,0.07919923216104507
29,220,287,0.27150583267211914
30,212,298,0.08701875060796738
31,237,287,0.20137245953083038
32,230,305,-0.010049853473901749
0,228,106,-0.04678202420473099
1,228,102,-0.05447698384523392
2,228,102,-0.054455872625112534
3,228,102,-0.05444909632205963
4,226,102,-0.06736219674348831
5,226,102,-0.06732819974422455
6,225,102,-0.06738699227571487
7,223,103,0.00709219416603446
8,221,104,-0.1127076968550682
9,227,111,-0.03953707218170166
10,226,111,-0.05913293734192848
11,215,128,0.08690515160560608
12,216,127,-0.14891459047794342
13,234,129,0.2452702671289444
14,226,127,-0.15426917374134064
15,238,99,0.37517622113227844
16,212,99,0.060164984315633774
17,235,92,0.39954811334609985
18,216,90,0.06997326761484146
19,234,91,0.39765608310699463
20,217,90,0.06060953810811043
21,234,94,0.3756555914878845
22,216,94,0.06148971617221832
23,217,205,0.06966206431388855
24,217,206,-0.06986355036497116
25,228,244,0.1927516758441925
26,224,246,0.04397352784872055
27,226,280,0.32535621523857117
28,221,288,0.17963571846485138
29,221,286,0.3380067050457001
30,216,295,0.19446779787540436
31,239,288,0.31705713272094727
32,234,299,0.15812335908412933
0,227,100,-0.09558647125959396
1,227,97,-0.08126205950975418
2,227,97,-0.0812852531671524
3,228,97,-0.081365205347538
4,224,96,-0.1001150906085968
5,223,97,-0.10013160109519958
6,222,97,-0.10021141171455383
7,224,100,0.0038826833479106426
8,215,100,-0.09723067283630371
9,226,105,-0.06215250492095947
10,224,105,-0.08791771531105042
11,225,124,0.0717494860291481
12,203,125,-0.11451415717601776
13,251,118,0.12084533274173737
14,200,136,-0.22954025864601135
15,238,85,0.17460119724273682
16,190,116,-0.2984008491039276
17,235,76,0.1793057918548584
18,186,111,-0.3159085810184479
19,233,75,0.1972702294588089
20,186,110,-0.3207665681838989
21,232,77,0.181062713265419
22,189,112,-0.3027215003967285
23,223,197,0.06808771193027496
24,212,197,-0.06822007149457932
25,233,243,0.10500861704349518
26,220,245,-0.025234907865524292
27,226,279,0.2694721221923828
28,216,288,0.1460711658000946
29,221,285,0.28358137607574463
30,211,291,0.16249360144138336
31,239,290,0.23350898921489716
32,228,300,0.09757311642169952
0,226,97,-0.05409383028745651
1,226,93,-0.05094841867685318
2,227,94,-0.0510331392288208
3,227,94,-0.051197100430727005
4,224,94,-0.07917176187038422
5,224,94,-0.07907171547412872
6,223,94,-0.07911942154169083
7,223,97,0.0431830920279026
8,218,97,-0.07645326852798462
9,226,102,-0.0279332734644413
10,224,102,-0.06882340461015701
11,222,121,0.12154468894004822
12,208,122,-0.11902570724487305
13,246,116,0.2051129937171936
14,219,119,-0.18545544147491455
15,238,85,0.27714845538139343
16,214,89,0.004796892870217562
17,234,74,0.2855318784713745
18,208,78,0.009070448577404022
19,232,74,0.30334994196891785
20,204,79,0.0037628114223480225
21,234,75,0.28195297718048096
22,210,85,0.006396348588168621
23,223,198,0.07449962198734283
24,212,196,-0.07454296201467514
25,233,243,0.09559692442417145
26,221,244,-0.03886428847908974
27,226,278,0.2456972301006317
28,214,287,0.0966799408197403
29,221,285,0.2589925527572632
30,208,291,0.10923662781715393
31,238,290,0.2182503640651703
32,226,300,0.04698329046368599
0,222,87,-0.06797562539577484
1,224,83,-0.04918897524476051
2,225,83,-0.04921141266822815
3,226,83,-0.04927435517311096
4,221,83,-0.06669387966394424
5,220,82,-0.06668529659509659
6,218,82,-0.06675071269273758
7,223,86,0.04904115945100784
8,213,89,-0.020337101072072983
9,223,90,-0.031602028757333755
10,220,90,-0.05594446137547493
11,228,114,0.1035192459821701
12,203,112,-0.04467204213142395
13,253,100,0.07225044816732407
14,198,118,-0.06154857203364372
15,235,70,0.05304041877388954
16,194,102,0.0404144711792469
17,231,62,0.036236003041267395
18,192,97,0.03826626390218735
19,228,61,0.05673546716570854
20,191,98,0.027457227930426598
21,229,64,0.056783001869916916
22,193,101,0.03790046274662018
23,224,186,0.06080453842878342
24,210,185,-0.06070742383599281
25,232,243,0.03833722323179245
26,217,241,-0.056493282318115234
27,223,277,0.21172241866588593
28,212,286,0.11224182695150375
29,218,285,0.22541099786758423
30,208,289,0.12621645629405975
31,232,292,0.15230943262577057
32,221,300,0.034702446311712265
0,223,85,-0.08380747586488724
1,224,82,-0.06345081329345703
2,225,82,-0.06348147243261337
3,226,82,-0.0635470449924469
4,221,82,-0.0810927301645279
5,220,82,-0.08112846314907074
6,219,82,-0.08120254427194595
7,224,85,0.03416020795702934
8,215,87,-0.04421098902821541
9,223,89,-0.04619451239705086
10,221,90,-0.06941044330596924
11,229,112,0.09056829661130905
12,203,113,-0.07518300414085388
13,253,98,0.08244418352842331
14,205,123,-0.11480360478162766
15,235,70,0.09883250296115875
16,199,103,-0.05760840326547623
17,232,61,0.09125854820013046
18,196,97,-0.0638677179813385
19,228,61,0.10867514461278915
20,195,98,-0.0731780081987381
21,231,65,0.10250295698642731
22,196,101,-0.060568567365407944
23,224,185,0.06068044155836105
24,210,184,-0.06060659885406494
25,233,240,0.02318091131746769
26,216,239,-0.06954790651798248
27,223,271,0.2404273897409439
28,211,281,0.11542952805757523
29,218,274,0.2594285011291504
30,207,284,0.13191182911396027
31,231,292,0.20268966257572174
32,221,298,0.04810953512787819
0,225,77,0.0745229423046112
1,222,74,0.06106940284371376
2,222,74,0.061061982065439224
3,221,73,0.06102189049124718
4,225,73,0.04668840020895004
5,226,74,0.04669195041060448
6,226,74,0.04661765322089195
7,217,76,0.023141521960496902
8,225,77,-0.0407775454223156
9,224,80,0.06745726615190506
10,225,80,0.0487181656062603
11,203,99,0.06869981437921524
12,231,97,-0.09888971596956253
13,217,91,0.18279390037059784
14,253,82,-0.04530562460422516
15,223,62,0.24706080555915833
16,232,58,0.07991362363100052
17,222,56,0.2580881118774414
18,228,50,0.07787644118070602
19,223,55,0.2518330514431
20,225,51,0.07210306823253632
21,224,58,0.24558992683887482
22,228,53,0.08084331452846527
23,217,161,0.060585834085941315
24,234,157,-0.060830533504486084
25,219,197,0.18119998276233673
26,236,196,0.04528917744755745
27,223,230,0.2497243732213974
28,230,235,0.1187129095196724
29,224,240,0.2569235861301422
30,226,241,0.1261691004037857
31,229,240,0.2321985512971878
32,237,244,0.08452299237251282
0,227,80,0.1301717758178711
1,225,77,0.11838438361883163
2,224,77,0.11842113733291626
3,223,76,0.11840863525867462
4,227,77,0.0993942841887474
5,228,76,0.09939166903495789
6,229,76,0.09930284321308136
7,219,78,0.08628451079130173
8,227,77,0.00016672626952640712
9,225,83,0.125835582613945
10,227,83,0.10004052519798279
11,200,100,0.13897237181663513
12,233,97,-0.08187565207481384
13,209,98,0.3279010057449341
14,256,79,-0.0353761725127697
15,214,65,0.47422999143600464
16,235,54,0.1041349545121193
17,215,65,0.5030239820480347
18,232,46,0.1089213639497757
19,217,64,0.49322304129600525
20,228,47,0.09794201701879501
21,218,66,0.4737864136695862
22,228,50,0.10517500340938568
23,210,172,0.0744190365076065
24,229,170,-0.07474222034215927
25,218,224,0.04196491092443466
26,231,222,-0.03016972541809082
27,216,277,0.04479752480983734
28,230,267,-0.0008803140954114497
29,215,285,0.04465532302856445
30,224,280,0.00253549637272954
31,219,287,0.00579481665045023
32,242,279,-0.04593911021947861
0,227,80,0.08748587220907211
1,225,76,0.07817881554365158
2,224,76,0.07821066677570343
3,223,75,0.07820852845907211
4,227,76,0.054942552000284195
5,228,76,0.05491536855697632
6,229,75,0.0548439584672451
7,219,76,0.060168277472257614
8,227,76,-0.04353177547454834
9,225,83,0.08870303630828857
10,227,83,0.05814209580421448
11,200,100,0.12984777987003326
12,233,96,-0.11972676217556
13,210,104,0.32709643244743347
14,255,79,-0.04910997673869133
15,216,82,0.49340197443962097
16,235,54,0.15061265230178833
17,216,78,0.5321856737136841
18,231,46,0.16799883544445038
19,217,76,0.5241975784301758
20,227,46,0.16207364201545715
21,218,78,0.4947007894515991
22,228,50,0.15621617436408997
23,210,172,0.07430288940668106
24,229,170,-0.0746329203248024
25,217,221,0.08804649114608765
26,230,222,-0.01393190212547779
27,214,269,0.096112921833992
28,225,271,0.0057288664393126965
29,211,277,0.09706301242113113
30,218,281,0.008332001976668835
31,219,279,0.08355395495891571
32,239,280,-0.02468290366232395
0,226,76,0.09908677637577057
1,224,71,0.08855008333921432
2,223,71,0.08858157694339752
3,222,70,0.08857695758342743
4,227,71,0.06791310757398605
5,227,70,0.0678868517279625
6,228,70,0.06779761612415314
7,218,72,0.06605525314807892
8,227,71,-0.027876457199454308
9,224,79,0.09845781326293945
10,227,80,0.07098616659641266
11,200,97,0.1283409595489502
12,233,91,-0.11315608024597168
13,209,104,0.3270663321018219
14,253,76,-0.01143931970000267
15,217,83,0.5122795701026917
16,234,51,0.19253715872764587
17,217,79,0.5524027347564697
18,230,43,0.2123105227947235
19,218,78,0.544628918170929
20,227,45,0.20315943658351898
21,218,79,0.5142270922660828
22,227,47,0.1966143697500229
23,210,169,0.06530896574258804
24,229,169,-0.06566091626882553
25,215,220,0.0666334256529808
26,228,220,-0.016543203964829445
27,211,270,0.06103936582803726
28,220,271,-0.00795613694936037
29,209,278,0.05997784063220024
30,214,281,-0.00700806500390172
31,216,281,0.04683496057987213
32,231,280,-0.0422203354537487
0,227,67,0.10437357425689697
1,223,60,0.09446381777524948
2,222,60,0.09451804310083389
3,221,60,0.09453979879617691
4,226,60,0.07387082278728485
5,226,59,0.07385941594839096
6,227,58,0.07377512753009796
7,218,63,0.09218473732471466
8,226,61,0.00348935485817492
9,224,70,0.10404697805643082
10,226,70,0.07676362991333008
11,206,91,0.1307947337627411
12,230,86,-0.06709001213312149
13,224,90,0.2473050057888031
14,247,73,-0.09177536517381668
15,228,63,0.3645811080932617
16,231,49,-0.039278917014598846
17,226,57,0.3834299147129059
18,228,41,-0.04844241216778755
19,227,56,0.38153186440467834
20,225,43,-0.05540252849459648
21,228,59,0.36497363448143005
22,225,44,-0.04160302132368088
23,213,165,0.06381707638502121
24,226,165,-0.06402571499347687
25,221,214,0.06198514625430107
26,224,218,-0.058825261890888214
27,214,263,0.11846046149730682
28,217,269,-0.02071525901556015
29,209,270,0.12160559743642807
30,212,276,-0.019345061853528023
31,221,277,0.06617806851863861
32,224,280,-0.09229996055364609
0,224,69,0.06804287433624268
1,222,63,0.06091310828924179
2,221,63,0.06090131402015686
3,220,63,0.06085478886961937
4,224,62,0.039173562079668045
5,225,62,0.03914809226989746
6,225,61,0.0390816293656826
7,217,65,0.05893627181649208
8,224,64,-0.0382927842438221
9,222,72,0.0728820189833641
10,224,72,0.04447048157453537
11,206,92,0.12402066588401794
12,230,86,-0.11501465737819672
13,222,98,0.2817823588848114
14,248,73,-0.16203854978084564
15,224,87,0.42257535457611084
16,231,48,-0.12062312662601471
17,224,87,0.436327189207077
18,228,40,-0.12852583825588226
19,225,85,0.44284480810165405
20,225,41,-0.1310257911682129
21,226,85,0.42462003231048584
22,225,44,-0.12018010765314102
23,213,165,0.06604363769292831
24,226,164,-0.06618304550647736
25,221,214,0.059519246220588684
26,225,216,-0.050603654235601425
27,213,263,0.09376639872789383
28,218,269,-0.027783585712313652
29,209,270,0.09508436918258667
30,216,277,-0.027407919988036156
31,221,275,0.05251757800579071
32,224,280,-0.08381703495979309
0,222,65,0.07928166538476944
1,221,60,0.0677633136510849
2,220,60,0.06769295781850815
3,219,60,0.06739113479852676
4,223,59,0.044674359261989594
5,223,59,0.044525984674692154
6,223,58,0.044373877346515656
7,216,62,0.08285985141992569
8,224,62,-0.012575999833643436
9,221,69,0.07747508585453033
10,223,69,0.047131896018981934
11,210,91,0.13629940152168274
12,226,83,-0.08718696236610413
13,222,88,0.2919080853462219
14,243,69,-0.13113050162792206
15,225,69,0.44237473607063293
16,230,46,-0.08768542110919952
17,224,66,0.46766209602355957
18,227,39,-0.0985984280705452
19,225,65,0.4639086127281189
20,224,40,-0.1019705981016159
21,226,66,0.44317564368247986
22,224,42,-0.08853328227996826
23,214,163,0.06669849157333374
24,224,163,-0.06689083576202393
25,223,214,0.05876470357179642
26,223,214,-0.055611271411180496
27,217,262,0.14825792610645294
28,220,268,0.014370926655828953
29,212,269,0.1556033045053482
30,217,274,0.020010368898510933
31,224,276,0.09752810746431351
32,228,281,-0.05896070599555969
0,222,67,0.08953870087862015
1,220,62,0.07994567602872849
2,219,62,0.07992630451917648
3,218,62,0.07977103441953659
4,222,62,0.058605294674634933
5,223,61,0.058527346700429916
6,223,61,0.058400511741638184
7,215,64,0.07678484916687012
8,223,63,-0.017087750136852264
9,221,70,0.0881488248705864
10,223,71,0.059481095522642136
11,203,89,0.13550664484500885
12,228,83,-0.0981455072760582
13,206,91,0.3219551146030426
14,246,69,-0.10930681228637695
15,211,84,0.5272664427757263
16,230,44,-0.018428651615977287
17,210,82,0.5687186121940613
18,228,37,-0.017494991421699524
19,211,81,0.5582320690155029
20,225,38,-0.021342750638723373
21,212,81,0.5284374356269836
22,224,41,-0.01623755693435669
23,212,162,0.06680581718683243
24,225,161,-0.06696870177984238
25,221,212,0.057732462882995605
26,224,212,-0.05423114821314812
27,216,264,0.08438350260257721
28,225,267,-0.029811231419444084
29,212,271,0.08506038039922714
30,222,275,-0.029174279421567917
31,224,277,0.05635867267847061
32,236,279,-0.07360962778329849
0,222,66,0.08086439222097397
1,220,62,0.07186298072338104
2,219,61,0.07186348736286163
3,218,61,0.07177978754043579
4,222,61,0.04943792149424553
5,223,61,0.049403004348278046
6,223,61,0.04932736977934837
7,215,63,0.06311251223087311
8,223,63,-0.03766805678606033
9,221,70,0.0835612416267395
10,223,70,0.054085709154605865
11,201,89,0.13269369304180145
12,229,82,-0.12273332476615906
13,203,93,0.33605489134788513
14,248,70,-0.14772212505340576
15,207,84,0.5631096363067627
16,233,45,-0.07289189100265503
17,206,83,0.60872882604599
18,230,37,-0.07297701388597488
19,207,81,0.5976526737213135
20,226,38,-0.07333104312419891
21,209,81,0.5645490884780884
22,226,41,-0.06964156776666641
23,211,161,0.07199934870004654
24,227,160,-0.07222338020801544
25,220,211,0.0698176771402359
26,226,211,-0.05065399035811424
27,215,263,0.09779229760169983
28,226,266,-0.02477763406932354
29,211,270,0.0996875911951065
30,222,273,-0.02489596977829933
31,223,275,0.07446572184562683
32,238,278,-0.05547304078936577
0,222,63,0.06821529567241669
1,220,58,0.06299819052219391
2,220,58,0.063014917075634
3,218,58,0.06296946853399277
4,222,58,0.041073814034461975
5,223,57,0.04104731231927872
6,223,57,0.040974292904138565
7,216,60,0.0647435337305069
8,222,60,-0.03322353586554527
9,221,66,0.07652433216571808
10,223,67,0.047812625765800476
11,201,85,0.1338910162448883
12,229,80,-0.11814364790916443
13,204,93,0.33192571997642517
14,248,68,-0.05867898464202881
15,208,79,0.5276760458946228
16,233,43,0.1094895750284195
17,206,75,0.5674903392791748
18,230,35,0.12198833376169205
19,209,73,0.5580520629882812
20,227,36,0.11338087916374207
21,210,74,0.5285239219665527
22,226,38,0.11211071163415909
23,211,158,0.06956442445516586
24,227,156,-0.06981225311756134
25,219,207,0.044090211391448975
26,226,206,-0.04166174307465553
27,215,257,0.053619980812072754
28,226,258,-0.02428082376718521
29,211,268,0.05341201275587082
30,222,269,-0.023464057594537735
31,219,272,0.014497547410428524
32,236,271,-0.055557169020175934
0,221,61,0.07719253748655319
1,220,56,0.06728731840848923
2,220,56,0.0673089399933815
3,218,56,0.0672694742679596
4,222,55,0.04845867305994034
5,222,55,0.04843229427933693
6,223,54,0.04834648221731186
7,216,58,0.047993987798690796
8,221,57,-0.032711178064346313
9,221,64,0.07889747619628906
10,222,65,0.054023802280426025
11,201,84,0.10983569175004959
12,229,79,-0.09914104640483856
13,211,89,0.3018912672996521
14,249,69,-0.006816232111304998
15,219,62,0.48369961977005005
16,232,43,0.1817033737897873
17,218,56,0.5182885527610779
18,230,34,0.1978214830160141
19,220,54,0.5107740163803101
20,227,35,0.1843494027853012
21,221,57,0.484943151473999
22,226,37,0.18267560005187988
23,211,157,0.061856865882873535
24,227,156,-0.06214583292603493
25,219,207,0.04591958969831467
26,226,206,-0.01669744960963726
27,215,260,0.06441132724285126
28,225,259,0.03517892211675644
29,212,269,0.06635252386331558
30,222,268,0.03989538177847862
31,219,271,0.01909915916621685
32,235,270,-0.007549715228378773
