0,481,160,0.008103624917566776
1,482,158,-0.00863951537758112
2,482,158,-0.00867554172873497
3,482,158,-0.008754231035709381
4,481,157,0.010074647143483162
5,482,157,0.010024884715676308
6,483,158,0.00989525392651558
7,485,161,-0.05603889003396034
8,488,157,0.029327604919672012
9,486,164,-0.005942403804510832
10,486,163,0.018531078472733498
11,498,174,-0.09780583530664444
12,492,174,0.05987778678536415
13,481,179,-0.09228549897670746
14,473,183,0.03556012362241745
15,475,171,0.006518832873553038
16,464,170,-0.0530710332095623
17,474,168,0.012790662236511707
18,463,166,-0.04930390045046806
19,477,168,0.015209853649139404
20,462,164,-0.05603998526930809
21,477,169,0.01137418020516634
22,463,166,-0.058405280113220215
23,501,248,-0.039085425436496735
24,492,244,0.03884301334619522
25,502,283,-0.09029315412044525
26,486,277,0.041048068553209305
27,491,256,0.12659205496311188
28,478,257,0.19046157598495483
29,491,249,0.15240617096424103
30,476,254,0.21171656250953674
31,479,251,0.2124321162700653
32,475,248,0.277222603559494
0,483,159,0.0513136051595211
1,483,156,0.028223276138305664
2,483,157,0.028215253725647926
3,482,157,0.02816258929669857
4,485,156,0.03718256577849388
5,486,155,0.03708938881754875
6,487,155,0.03691518306732178
7,485,159,-0.047560080885887146
8,491,157,3.4175420296378434e-05
9,486,163,0.02852705493569374
10,486,163,0.03997655212879181
11,481,175,-0.09467510133981705
12,502,172,0.03504547104239464
13,465,187,-0.011379593051970005
14,483,181,0.14333988726139069
15,459,175,0.15129022300243378
16,464,170,0.2690490484237671
17,457,171,0.16379757225513458
18,456,170,0.29143214225769043
19,463,170,0.15779757499694824
20,457,168,0.2796398103237152
21,463,171,0.1538194715976715
22,457,172,0.2676687240600586
23,497,247,-0.04985281080007553
24,505,243,0.049628518521785736
25,495,279,0.040354128926992416
26,487,254,0.23217850923538208
27,496,281,0.13681501150131226
28,487,267,0.36787283420562744
29,501,285,0.1524028480052948
30,488,272,0.3855871260166168
31,483,273,0.17295897006988525
32,475,254,0.42002731561660767
0,482,161,0.013733794912695885
1,482,158,-0.006096538156270981
2,482,159,-0.006130409426987171
3,482,159,-0.006203368306159973
4,482,158,0.005551002454012632
5,483,158,0.005458625499159098
6,483,158,0.005308966618031263
7,484,161,-0.06415200233459473
8,485,161,-0.005580251105129719
9,484,164,-0.0022326712496578693
10,484,164,0.012819552794098854
11,486,175,-0.10172971338033676
12,500,174,0.03385014086961746
13,465,180,-0.06211467832326889
14,477,181,0.13412347435951233
15,463,175,0.015638763085007668
16,453,175,0.2034876048564911
17,458,172,0.014839707873761654
18,446,174,0.21540658175945282
19,460,170,0.011692926287651062
20,448,173,0.20499438047409058
21,464,171,0.017191704362630844
22,451,175,0.2005651593208313
23,497,247,-0.04900585114955902
24,503,243,0.04865024611353874
25,496,276,0.048139482736587524
26,490,257,0.20236699283123016
27,502,280,0.16586646437644958
28,494,272,0.34493160247802734
29,506,283,0.17913959920406342
30,496,276,0.36292895674705505
31,489,275,0.18683116137981415
32,483,269,0.3928554356098175
0,482,163,0.05137845501303673
1,482,162,0.030406419187784195
2,482,162,0.030389908701181412
3,482,162,0.030311575159430504
4,483,161,0.0373585969209671
5,484,161,0.03728459030389786
6,484,161,0.03711817413568497
7,484,164,-0.03735756874084473
8,487,163,3.508894587866962e-05
9,484,166,0.03170664235949516
10,485,166,0.04046715050935745
11,484,178,-0.07645080983638763
12,501,174,0.025420673191547394
13,466,183,-0.009127846919000149
14,482,179,0.12283247709274292
15,459,176,0.11999368667602539
16,453,175,0.2174185961484909
17,452,175,0.1288740187883377
18,450,173,0.23354880511760712
19,457,173,0.1257288008928299
20,451,172,0.2212928980588913
21,458,174,0.12242475897073746
22,453,173,0.21470241248607635
23,498,247,-0.041429754346609116
24,507,243,0.04109363630414009
25,496,277,0.06344829499721527
26,496,259,0.16816556453704834
27,502,283,0.18888191878795624
28,497,276,0.29778069257736206
29,505,286,0.20335198938846588
30,498,280,0.31541576981544495
31,489,280,0.2163628190755844
32,487,273,0.3508240580558777
0,482,164,0.0723814070224762
1,482,162,0.04933276027441025
2,482,162,0.04929162189364433
3,481,162,0.049193043261766434
4,483,161,0.05937408655881882
5,484,161,0.05933858081698418
6,484,161,0.059165727347135544
7,484,164,-0.023830173537135124
8,488,162,0.01662902906537056
9,484,168,0.05081750825047493
10,485,168,0.0634942427277565
11,485,181,-0.06511484831571579
12,500,175,0.028603672981262207
13,469,180,-0.010422752238810062
14,485,175,0.1456911712884903
15,461,168,0.1278119534254074
16,461,169,0.2586608827114105
17,453,165,0.1380847990512848
18,459,168,0.2777642607688904
19,458,165,0.13747495412826538
20,458,168,0.2663903832435608
21,459,167,0.13102981448173523
22,459,170,0.2562992572784424
23,498,251,-0.04109418764710426
24,506,248,0.04082664102315903
25,505,294,0.018109504133462906
26,501,290,0.1054190993309021
27,508,326,0.11667214334011078
28,507,328,0.14577437937259674
29,510,331,0.1245236024260521
30,510,335,0.15208008885383606
31,497,332,0.11506927013397217
32,497,336,0.1362999826669693
0,480,163,0.03879649564623833
1,479,161,0.015555355697870255
2,479,162,0.015505368821322918
3,480,162,0.01538800448179245
4,480,161,0.037183742970228195
5,480,161,0.03719736635684967
6,482,161,0.0370619036257267
7,485,163,-0.05137353762984276
8,488,162,0.021934695541858673
9,483,168,0.019254934042692184
10,483,167,0.04892122372984886
11,489,180,-0.10045314580202103
12,500,175,0.06129223108291626
13,471,181,-0.09053120762109756
14,482,176,0.1523599624633789
15,462,170,-0.0052813696675002575
16,462,170,0.18477307260036469
17,456,165,-0.006352412514388561
18,460,168,0.1948167383670807
19,461,165,-0.008262953720986843
20,459,168,0.18131086230278015
21,462,167,-0.002493660431355238
22,460,170,0.17950032651424408
23,505,250,-0.04793823882937431
24,505,248,0.04783767834305763
25,508,290,-0.054449643939733505
26,498,267,0.10056343674659729
27,504,298,0.12981683015823364
28,499,313,0.1978849321603775
29,506,298,0.15133993327617645
30,501,325,0.2125898152589798
31,493,296,0.17438611388206482
32,491,300,0.24130429327487946
0,480,163,0.04020725190639496
1,479,161,0.016981517896056175
2,479,161,0.016941985115408897
3,480,162,0.016837455332279205
4,480,160,0.034994784742593765
5,483,160,0.03498207777738571
6,484,160,0.0348319336771965
7,486,163,-0.05189912021160126
8,489,162,0.021506275981664658
9,483,167,0.019842075183987617
10,483,167,0.04367215931415558
11,489,181,-0.10480307787656784
12,501,175,0.059601690620183945
13,463,193,-0.08145426213741302
14,484,177,0.14777477085590363
15,457,175,0.014267029240727425
16,467,170,0.19551081955432892
17,456,168,0.014398676343262196
18,465,168,0.2075565606355667
19,458,167,0.011202526278793812
20,464,168,0.19356133043766022
21,459,169,0.016516435891389847
22,465,170,0.19069203734397888
23,505,251,-0.04855995997786522
24,508,247,0.04845118895173073
25,508,289,-0.04426989704370499
26,499,272,0.11570306122303009
27,503,289,0.1688796430826187
28,499,291,0.22057974338531494
29,506,289,0.19330626726150513
30,500,295,0.23523589968681335
31,491,288,0.2319072186946869
32,492,284,0.2523054778575897
0,481,166,0.03841918706893921
1,480,162,0.010643087327480316
2,481,163,0.01058565080165863
3,481,163,0.010519979521632195
4,481,161,0.034211963415145874
5,483,161,0.03420248627662659
6,484,160,0.033998262137174606
7,487,164,-0.06792445480823517
8,489,161,0.021251076832413673
9,484,169,0.012587766163051128
10,484,168,0.04249360412359238
11,489,181,-0.1286565363407135
12,510,174,0.07055231928825378
13,466,201,-0.11239772289991379
14,501,196,0.15852095186710358
15,459,180,0.0038887180853635073
16,483,192,0.21819287538528442
17,455,176,0.006296996958553791
18,481,191,0.23709368705749512
19,459,172,0.009533237665891647
20,479,189,0.22568809986114502
21,460,174,0.009243962354958057
22,480,190,0.21475066244602203
23,508,251,-0.06512129306793213
24,516,245,0.06509034335613251
25,504,285,-0.03497529774904251
26,497,258,0.16673068702220917
27,506,287,0.059404630213975906
28,506,285,0.18459367752075195
29,511,286,0.06923448294401169
30,509,295,0.18734923005104065
31,496,286,0.09548067301511765
32,497,279,0.2085680067539215
0,487,168,-0.02127455174922943
1,488,163,-0.038446828722953796
2,489,163,-0.03849969059228897
3,491,163,-0.03856833651661873
4,487,163,-0.016894329339265823
5,488,163,-0.016920480877161026
6,487,163,-0.017034713178873062
7,495,163,-0.07396632432937622
8,492,163,0.021057510748505592
9,492,171,-0.028947031125426292
10,490,171,-0.00046357850078493357
11,510,175,-0.11903977394104004
12,506,176,0.07679503411054611
13,478,199,-0.13984619081020355
14,499,196,0.04263046756386757
15,473,177,-0.07065203785896301
16,476,184,-0.0989890918135643
17,470,173,-0.07547786086797714
18,474,183,-0.11130860447883606
19,472,169,-0.07354260981082916
20,473,184,-0.11486972868442535
21,473,172,-0.06621041893959045
22,475,184,-0.10466010123491287
23,521,243,-0.06170595437288284
24,515,241,0.061774078756570816
25,505,263,-0.06708015501499176
26,491,248,0.0867653489112854
27,506,274,0.013515161350369453
28,503,263,0.11042146384716034
29,511,276,0.022222453728318214
30,507,267,0.114425428211689
31,494,275,0.02659948728978634
32,494,259,0.12701278924942017
0,491,170,-0.004805759061127901
1,491,165,-0.0269374530762434
2,491,165,-0.026966096833348274
3,491,165,-0.02699478156864643
4,491,164,-0.005076333414763212
5,491,164,-0.0051187328062951565
6,492,164,-0.005251535680145025
7,495,166,-0.09101782739162445
8,497,164,0.013021512888371944
9,494,173,-0.022279944270849228
10,494,172,0.006622307933866978
11,503,181,-0.1528635323047638
12,519,176,0.07513703405857086
13,477,202,-0.15065564215183258
14,509,202,0.1256045401096344
15,471,180,-0.03861679136753082
16,493,191,0.15430258214473724
17,468,175,-0.038950998336076736
18,492,188,0.17084071040153503
19,471,170,-0.03466913104057312
20,490,187,0.1623484492301941
21,472,173,-0.03290679305791855
22,491,188,0.15107204020023346
23,517,246,-0.0742584839463234
24,525,244,0.07440409064292908
25,508,263,-0.03447982668876648
26,499,250,0.19549179077148438
27,510,275,0.05096166208386421
28,508,265,0.23075270652770996
29,513,277,0.06015698239207268
30,510,269,0.2337062507867813
31,498,266,0.07711085677146912
32,496,254,0.24734444916248322
0,494,173,0.0031124297529459
1,493,169,-0.01842549443244934
2,494,169,-0.018458280712366104
3,494,169,-0.01849999837577343
4,494,168,0.0016514245653524995
5,494,168,0.0016078886110335588
6,494,168,0.0014698670711368322
7,498,169,-0.08090566843748093
8,499,167,0.01371792796999216
9,497,175,-0.014402727596461773
10,497,174,0.012011141516268253
11,502,185,-0.14155344665050507
12,520,177,0.07832851260900497
13,479,201,-0.126907616853714
14,510,199,0.15462693572044373
15,473,180,-0.021553361788392067
16,493,189,0.21228690445423126
17,470,175,-0.01880158670246601
18,492,186,0.23006974160671234
19,473,171,-0.009798873215913773
20,489,184,0.21858693659305573
21,475,174,-0.012404915876686573
22,490,186,0.2082466334104538
23,518,250,-0.07506752759218216
24,526,246,0.07511549443006516
25,510,269,-0.017934810370206833
26,506,251,0.17702102661132812
27,510,275,0.10624104738235474
28,510,265,0.2470979541540146
29,513,276,0.1194799616932869
30,511,269,0.2548671066761017
31,500,260,0.13322056829929352
32,499,253,0.2692611515522003
0,494,174,0.02588726580142975
1,494,171,0.0007832504925318062
2,494,171,0.0007656729430891573
3,494,171,0.0007329641375690699
4,494,170,0.018745124340057373
5,495,170,0.018701177090406418
6,496,169,0.018566539511084557
7,497,171,-0.07638823240995407
8,500,169,0.009862206876277924
9,497,177,0.0013885757653042674
10,497,176,0.02493380382657051
11,501,186,-0.1322971135377884
12,525,177,0.05892929807305336
13,479,202,-0.12081149965524673
14,514,197,0.15932264924049377
15,472,180,-0.011756496503949165
16,495,187,0.2617206871509552
17,469,176,-0.009936048649251461
18,493,184,0.2814829349517822
19,473,171,-0.00877147912979126
20,491,182,0.27320364117622375
21,475,174,-0.007132740691304207
22,491,184,0.26020264625549316
23,516,252,-0.07036500424146652
24,529,246,0.07040301710367203
25,509,273,0.010759520344436169
26,510,254,0.16424080729484558
27,516,282,0.14478912949562073
28,516,273,0.2411331832408905
29,521,284,0.15956813097000122
30,519,277,0.250150591135025
31,504,276,0.18051932752132416
32,504,261,0.26755237579345703
0,496,174,0.0006168686668388546
1,494,170,-0.02344810776412487
2,494,170,-0.023440416902303696
3,494,170,-0.02346063032746315
4,495,169,-0.011378468945622444
5,496,169,-0.011427882127463818
6,497,168,-0.011518559418618679
7,497,172,-0.09747384488582611
8,501,169,-0.042391419410705566
9,500,176,-0.021107759326696396
10,500,174,-0.005522516090422869
11,501,188,-0.1343686729669571
12,525,177,-0.010011579841375351
13,485,203,-0.0742652490735054
14,518,195,0.1247963234782219
15,483,186,0.08147694915533066
16,496,191,0.25104475021362305
17,481,182,0.08870568871498108
18,493,189,0.26645004749298096
19,484,178,0.08205593377351761
20,491,188,0.25709065794944763
21,486,180,0.08270984888076782
22,491,190,0.2492445707321167
23,517,252,-0.054384201765060425
24,532,245,0.054289236664772034
25,509,250,0.11800490319728851
26,511,246,0.2084430456161499
27,513,261,0.30513620376586914
28,516,249,0.3765399754047394
29,517,266,0.3261360824108124
30,517,251,0.39655444025993347
31,501,254,0.34055912494659424
32,506,241,0.4169313609600067
0,499,175,0.004974892362952232
1,498,172,-0.01796090602874756
2,498,172,-0.01796572282910347
3,498,172,-0.01799752190709114
4,498,172,-0.0030579480808228254
5,499,172,-0.003101677168160677
6,500,171,-0.0032188554760068655
7,501,173,-0.09448923915624619
8,503,171,-0.024605821818113327
9,504,178,-0.015224930830299854
10,504,177,0.0042249965481460094
11,508,189,-0.12819992005825043
12,526,181,0.01220143586397171
13,498,205,-0.06689905375242233
14,518,207,0.11373842507600784
15,498,193,0.09619538486003876
16,503,215,0.18790371716022491
17,497,191,0.10633557289838791
18,501,218,0.21034520864486694
19,499,188,0.10651931166648865
20,499,216,0.1940843164920807
21,500,189,0.10047699511051178
22,500,216,0.1835208684206009
23,528,254,-0.05910751596093178
24,537,247,0.05900795757770538
25,509,254,0.047496773302555084
26,512,239,0.20124158263206482
27,518,264,0.193024680018425
28,519,256,0.2874562442302704
29,524,266,0.20907995104789734
30,522,259,0.3033807873725891
31,507,261,0.23376204073429108
32,508,242,0.325491338968277
0,504,174,-0.018657231703400612
1,503,170,-0.03520781174302101
2,503,170,-0.035216547548770905
3,503,171,-0.03521997109055519
4,503,171,-0.017154579982161522
5,503,171,-0.017173824831843376
6,503,171,-0.017234710976481438
7,507,173,-0.08592183887958527
8,507,170,-0.012094751000404358
9,508,176,-0.031923890113830566
10,507,177,-0.00868728756904602
11,520,185,-0.12050832062959671
12,527,180,0.020102161914110184
13,497,203,-0.08873215317726135
14,516,201,0.10317054390907288
15,495,177,0.019570792093873024
16,506,188,0.12989315390586853
17,492,170,0.02675688825547695
18,504,185,0.14176470041275024
19,495,167,0.028841698542237282
20,503,184,0.13736329972743988
21,496,170,0.024564409628510475
22,504,185,0.12879180908203125
23,538,244,-0.054498091340065
24,539,239,0.05448462814092636
25,513,247,-0.05309086665511131
26,514,232,0.14256559312343597
27,528,253,0.02622762881219387
28,528,246,0.10846611857414246
29,533,251,0.03664311394095421
30,532,247,0.10605233907699585
31,522,256,0.08432675153017044
32,525,248,0.14374975860118866
0,359,140,-0.10867791622877121
1,361,139,-0.10980503261089325
2,362,139,-0.1097763329744339
3,363,139,-0.10981307178735733
4,360,138,-0.09563985466957092
5,359,138,-0.09565873444080353
6,359,137,-0.0956897959113121
7,366,136,-0.08736980706453323
8,358,135,-0.020334022119641304
9,361,142,-0.09756576269865036
10,359,141,-0.07875625044107437
11,370,145,-0.08766039460897446
12,358,140,0.03280012682080269
13,360,135,-0.0985632911324501
14,346,126,0.07903673499822617
15,361,122,-0.050414953380823135
16,357,117,0.10884851962327957
17,359,116,-0.06119438633322716
18,358,113,0.10515888035297394
19,361,117,-0.059893328696489334
20,359,113,0.10797447711229324
21,361,119,-0.04972987249493599
22,359,115,0.10817591845989227
23,368,193,-0.041746288537979126
24,355,190,0.041718121618032455
25,367,219,-0.04498931020498276
26,356,220,0.0698629841208458
27,376,247,0.06414006650447845
28,361,248,0.18669000267982483
29,379,251,0.07364993542432785
30,365,250,0.19643501937389374
31,374,257,0.0023979060351848602
32,358,263,0.14200812578201294
0,365,138,-0.07103461772203445
1,366,135,-0.06898458302021027
2,367,135,-0.06896144896745682
3,368,135,-0.06899961084127426
4,365,135,-0.0578681118786335
5,364,135,-0.05786823853850365
6,364,135,-0.05786043778061867
7,370,135,-0.0409918874502182
8,364,135,0.013342943042516708
9,367,139,-0.058950308710336685
10,365,139,-0.04371105879545212
11,378,144,-0.0364638976752758
12,359,144,0.06071161478757858
13,368,134,-0.02776334621012211
14,346,130,0.11203879863023758
15,363,119,0.04216581583023071
16,359,115,0.1730268895626068
17,363,113,0.03873145207762718
18,360,111,0.17106515169143677
19,364,113,0.03718804940581322
20,361,111,0.17956876754760742
21,364,115,0.041865888983011246
22,361,113,0.1739937961101532
23,372,188,-0.03578481823205948
24,359,189,0.035746339708566666
25,371,218,-0.04203566163778305
26,357,218,0.0687427669763565
27,381,247,0.04889828711748123
28,363,245,0.17866550385951996
29,383,251,0.05498744174838066
30,366,249,0.18697552382946014
31,378,257,-0.019403208047151566
32,358,257,0.13462942838668823
0,369,134,-0.05997311696410179
1,370,131,-0.05742497369647026
2,371,131,-0.05741066113114357
3,371,131,-0.05742109939455986
4,368,131,-0.04515250027179718
5,368,131,-0.04514874890446663
6,368,131,-0.04514860361814499
7,374,131,-0.03175095468759537
8,368,131,0.02834235690534115
9,371,135,-0.049312375485897064
10,369,135,-0.03240004554390907
11,383,141,-0.04039846733212471
12,363,143,0.0701860785484314
13,371,130,-0.06284207105636597
14,350,129,0.09933241456747055
15,365,114,-0.036181218922138214
16,361,111,0.10992144793272018
17,364,108,-0.05094897747039795
18,363,107,0.09757879376411438
19,365,108,-0.050796620547771454
20,363,106,0.10461919009685516
21,365,110,-0.037743933498859406
22,363,108,0.10840032249689102
23,377,185,-0.03451239690184593
24,363,186,0.03445801883935928
25,376,216,-0.04459194839000702
26,362,216,0.06047224998474121
27,387,246,0.028214698657393456
28,366,244,0.15076769888401031
29,389,250,0.03141530230641365
30,369,249,0.15645688772201538
31,381,258,-0.05397781729698181
32,364,256,0.09884929656982422
0,375,134,-0.07442735880613327
1,375,132,-0.07283294945955276
2,375,132,-0.07285124808549881
3,375,132,-0.07287979871034622
4,375,132,-0.06114254519343376
5,374,132,-0.06114707887172699
6,374,131,-0.06115984916687012
7,378,132,-0.0484892800450325
8,376,132,0.009320341981947422
9,376,136,-0.063718780875206
10,375,136,-0.047798041254282
11,384,140,-0.04139745235443115
12,371,143,0.058282576501369476
13,368,128,-0.1232810690999031
14,360,129,0.07384306937456131
15,364,108,-0.1400374174118042
16,363,106,0.03307607024908066
17,363,102,-0.1622370332479477
18,363,101,0.018383389338850975
19,365,101,-0.16224828362464905
20,364,100,0.011150677688419819
21,365,104,-0.14205624163150787
22,364,102,0.025734955444931984
23,378,185,-0.03594152629375458
24,372,185,0.03593197837471962
25,377,215,-0.0315278060734272
26,370,216,0.056255292147397995
27,388,246,0.03518294543027878
28,372,244,0.12343332171440125
29,390,250,0.037622228264808655
30,376,249,0.12594018876552582
31,381,258,-0.04655740037560463
32,373,256,0.06326723843812943
0,379,132,-0.05124177411198616
1,380,130,-0.0464828722178936
2,381,130,-0.04649827629327774
3,382,130,-0.04651705175638199
4,378,130,-0.0355241559445858
5,378,130,-0.03552122041583061
6,377,130,-0.03552703559398651
7,384,131,-0.017027301713824272
8,379,131,0.03570757806301117
9,381,134,-0.03982013836503029
10,379,134,-0.024937652051448822
11,391,140,-0.04081603139638901
12,372,142,0.07530459016561508
13,377,127,-0.10749459266662598
14,363,126,0.0840257853269577
15,369,106,-0.12473775446414948
16,363,103,0.05439746379852295
17,366,100,-0.14897172152996063
18,360,98,0.037457387894392014
19,367,100,-0.14909085631370544
20,362,98,0.029948320239782333
21,367,102,-0.12697802484035492
22,363,100,0.0465184710919857
23,385,185,-0.0339941680431366
24,373,185,0.03396167606115341
25,385,215,-0.03952709585428238
26,372,216,0.04226147010922432
27,393,246,0.04223906993865967
28,374,245,0.1419597715139389
29,394,251,0.04695267230272293
30,377,249,0.14799879491329193
31,387,259,-0.03836708888411522
32,372,257,0.08619368821382523
0,381,133,-0.06408523768186569
1,382,131,-0.05915427580475807
2,383,131,-0.059170372784137726
3,383,131,-0.05919143557548523
4,380,131,-0.049447230994701385
5,380,131,-0.049440089613199234
6,379,131,-0.04944407939910889
7,386,132,-0.024134298786520958
8,379,132,0.021915389224886894
9,383,135,-0.05035001412034035
10,381,135,-0.037128154188394547
11,393,140,-0.04382238909602165
12,373,142,0.06351307034492493
13,380,126,-0.10559229552745819
14,363,124,0.05359826236963272
15,370,106,-0.13196703791618347
16,361,103,0.009952409192919731
17,367,100,-0.1576027125120163
18,359,99,-0.00895422138273716
19,368,100,-0.15606610476970673
20,360,98,-0.016025561839342117
21,367,102,-0.133736252784729
22,361,99,0.002237283391878009
23,386,186,-0.03088974952697754
24,373,185,0.030864965170621872
25,387,215,-0.03699371963739395
26,372,216,0.03788713738322258
27,393,246,0.05584479123353958
28,374,245,0.14486630260944366
29,394,251,0.05980127677321434
30,377,249,0.1515456885099411
31,388,259,-0.03326481208205223
32,373,258,0.08821441978216171
0,381,132,-0.06785750389099121
1,381,130,-0.06450238078832626
2,382,130,-0.06452707201242447
3,382,130,-0.06453952938318253
4,380,130,-0.05422748997807503
5,379,130,-0.05422622337937355
6,379,130,-0.05423558130860329
7,384,130,-0.03499782457947731
8,378,131,0.014898467808961868
9,382,134,-0.05559193342924118
10,381,134,-0.04171774908900261
11,395,139,-0.04866408556699753
12,375,141,0.05923616513609886
13,380,123,-0.12721802294254303
14,368,122,0.064668670296669
15,369,104,-0.1527426838874817
16,357,104,0.02779555693268776
17,366,101,-0.1778603494167328
18,352,102,0.012179868295788765
19,365,101,-0.17498208582401276
20,352,101,-8.687747322255746e-05
21,367,102,-0.15337546169757843
22,355,102,0.018410615622997284
23,390,185,-0.030630458146333694
24,377,185,0.030570579692721367
25,389,215,-0.031589627265930176
26,374,215,0.03452330827713013
27,394,246,0.058419521898031235
28,375,245,0.13391278684139252
29,396,251,0.06230125576257706
30,378,249,0.13991515338420868
31,388,260,-0.02627660147845745
32,374,258,0.0795116275548935
0,381,133,-0.04890641197562218
1,381,131,-0.05144848674535751
2,381,131,-0.051469430327415466
3,382,131,-0.05146324262022972
4,380,131,-0.0379808135330677
5,380,131,-0.037982240319252014
6,380,130,-0.03800998628139496
7,384,131,-0.04083584249019623
8,380,131,0.019019611179828644
9,382,135,-0.04450003802776337
10,381,135,-0.026476608589291573
11,395,140,-0.06756927073001862
12,378,141,0.05789162591099739
13,379,125,-0.13890530169010162
14,372,122,0.07067204266786575
15,368,107,-0.1530795842409134
16,357,106,0.04217565804719925
17,366,103,-0.175484299659729
18,354,102,0.029609249904751778
19,365,103,-0.1719907820224762
20,354,102,0.01555356103926897
21,367,105,-0.1530577540397644
22,356,103,0.03253272920846939
23,391,186,-0.03305157646536827
24,378,185,0.0329158753156662
25,390,216,-0.031777795404195786
26,376,216,0.0418497771024704
27,395,248,0.04998641088604927
28,375,247,0.13241828978061676
29,396,253,0.052612707018852234
30,378,251,0.13754141330718994
31,387,261,-0.028934290632605553
32,375,258,0.08268183469772339
0,387,135,-0.06942714750766754
1,387,132,-0.07242708653211594
2,388,132,-0.07245732843875885
3,388,132,-0.07242240011692047
4,386,132,-0.061810851097106934
5,386,132,-0.06181810796260834
6,386,132,-0.06184592470526695
7,390,134,-0.06055956706404686
8,386,134,-0.009674694389104843
9,388,137,-0.06470764428377151
10,387,137,-0.050263360142707825
11,398,142,-0.09140440821647644
12,382,144,0.029501767829060555
13,383,127,-0.16750161349773407
14,372,125,0.03105120360851288
15,369,107,-0.2043031007051468
16,358,108,-0.022274652495980263
17,366,105,-0.23223134875297546
18,354,106,-0.03858409449458122
19,365,103,-0.2273557037115097
20,354,105,-0.053118105977773666
21,367,105,-0.2046704888343811
22,356,105,-0.032435789704322815
23,393,188,-0.03316977247595787
24,380,187,0.03300819918513298
25,391,219,-0.023283453658223152
26,378,218,0.049403030425310135
27,397,251,0.06347274780273438
28,377,249,0.136906698346138
29,399,256,0.0667463019490242
30,378,253,0.1447582095861435
31,387,262,-0.012670936062932014
32,377,260,0.08581218868494034
0,390,141,-0.11102480441331863
1,390,139,-0.10946688055992126
2,391,139,-0.10947756469249725
3,392,139,-0.10944747179746628
4,389,139,-0.10003087669610977
5,388,139,-0.10004211962223053
6,388,139,-0.10006194561719894
7,394,140,-0.08563590049743652
8,388,140,-0.040341563522815704
9,391,143,-0.10095390677452087
10,389,143,-0.08807209879159927
11,401,148,-0.11030732840299606
12,381,151,-0.00016718156985007226
13,387,131,-0.1916162520647049
14,370,133,-0.006715772673487663
15,373,111,-0.23765237629413605
16,361,114,-0.05885612964630127
17,370,108,-0.2653885781764984
18,357,111,-0.07428620755672455
19,370,108,-0.26038476824760437
20,357,110,-0.08555765450000763
21,371,109,-0.23817797005176544
22,359,111,-0.06722889840602875
23,396,193,-0.03303584083914757
24,382,192,0.03291234374046326
25,394,225,-0.02379680797457695
26,380,223,0.04965865612030029
27,399,254,0.057232849299907684
28,379,253,0.1387670338153839
29,400,259,0.05866406485438347
30,380,258,0.144150510430336
31,390,264,-0.020424913614988327
32,378,263,0.08716899156570435
0,391,142,-0.10207003355026245
1,391,140,-0.10031581670045853
2,392,140,-0.10037939995527267
3,392,140,-0.10030455142259598
4,391,140,-0.0907539427280426
5,390,140,-0.09081529080867767
6,390,140,-0.09084972739219666
7,394,141,-0.07509083300828934
8,390,141,-0.02372472919523716
9,392,144,-0.09486276656389236
10,390,144,-0.08038954436779022
11,400,150,-0.09521625190973282
12,384,152,0.01246081106364727
13,383,133,-0.15658344328403473
14,372,133,0.0024666727986186743
15,372,115,-0.17974644899368286
16,363,115,0.0001989125448744744
17,369,112,-0.20480403304100037
18,359,112,-0.013155845925211906
19,369,111,-0.20164886116981506
20,359,111,-0.022724293172359467
21,370,112,-0.180582657456398
22,361,112,-0.00726776197552681
23,395,195,-0.03702769801020622
24,383,194,0.0369306281208992
25,393,225,-0.025662053376436234
26,381,224,0.06908798962831497
27,399,255,0.04557381942868233
28,380,253,0.1619262546300888
29,401,260,0.04721344634890556
30,381,257,0.1675170212984085
31,390,265,-0.03384973108768463
32,379,264,0.11196299642324448
0,392,146,-0.10055731236934662
1,393,144,-0.09760826826095581
2,394,144,-0.09764958173036575
3,394,144,-0.09762608259916306
4,392,144,-0.08660375326871872
5,391,144,-0.08660409599542618
6,391,144,-0.08663678169250488
7,397,146,-0.07484572380781174
8,391,146,-0.02150062285363674
9,393,149,-0.09222177416086197
10,391,149,-0.0769946426153183
11,403,155,-0.10820530354976654
12,385,157,0.018040787428617477
13,391,142,-0.19623132050037384
14,370,142,0.028884850442409515
15,378,123,-0.24926133453845978
16,366,123,-0.005074894987046719
17,375,118,-0.27692711353302
18,363,119,-0.017773550003767014
19,375,118,-0.2725653350353241
20,364,118,-0.027608051896095276
21,376,119,-0.2497842013835907
22,366,119,-0.012718870304524899
23,398,200,-0.0369984470307827
24,385,199,0.036901358515024185
25,395,229,-0.026293758302927017
26,381,228,0.0782269835472107
27,400,258,0.047488097101449966
28,381,256,0.1810068041086197
29,402,263,0.05032150819897652
30,383,260,0.18780165910720825
31,393,267,-0.030152441933751106
32,380,266,0.133393794298172
0,391,149,-0.10958695411682129
1,393,146,-0.10893753170967102
2,393,146,-0.10896617919206619
3,394,146,-0.1089552491903305
4,391,146,-0.09548521041870117
5,391,146,-0.09548500925302505
6,391,146,-0.09551370143890381
7,396,147,-0.08955710381269455
8,392,147,-0.026691041886806488
9,393,151,-0.10130736231803894
10,391,151,-0.0833326131105423
11,404,158,-0.12207043170928955
12,387,159,0.01877133548259735
13,394,151,-0.2245176136493683
14,371,148,0.0159416776150465
15,381,130,-0.28463882207870483
16,372,128,-0.05666216090321541
17,378,125,-0.3141726553440094
18,370,124,-0.07353518903255463
19,379,124,-0.3109712600708008
20,371,124,-0.08231911808252335
21,379,126,-0.28554868698120117
22,372,125,-0.06444873660802841
23,400,201,-0.04378436133265495
24,388,200,0.043710287660360336
25,395,230,-0.021100284531712532
26,383,228,0.0654185563325882
27,400,259,0.0484413206577301
28,382,258,0.14550621807575226
29,401,265,0.051492705941200256
30,384,262,0.1499689668416977
31,392,268,-0.02876466140151024
32,380,267,0.09200217574834824
0,393,149,-0.1057300865650177
1,395,146,-0.1019197478890419
2,395,146,-0.10194223374128342
3,396,147,-0.10193340480327606
4,393,146,-0.09062783420085907
5,393,146,-0.09062962234020233
6,392,146,-0.09066179394721985
7,399,148,-0.07975257933139801
8,394,148,-0.0214639101177454
9,394,152,-0.09460806846618652
10,392,151,-0.07973838597536087
11,407,160,-0.1032823845744133
12,388,162,0.023257743567228317
13,399,158,-0.19921010732650757
14,370,155,0.010265880264341831
15,386,137,-0.22693891823291779
16,374,136,-0.061045169830322266
17,384,131,-0.2543969750404358
18,372,131,-0.07916099578142166
19,384,131,-0.2510782778263092
20,374,130,-0.08046448975801468
21,384,133,-0.22802384197711945
22,375,132,-0.06581670790910721
23,401,201,-0.04318767786026001
24,390,201,0.043105706572532654
25,397,230,-0.016316145658493042
26,384,229,0.0643872544169426
27,400,259,0.04889833182096481
28,382,257,0.14828641712665558
29,402,265,0.052234113216400146
30,384,261,0.1531747281551361
31,391,268,-0.02814800664782524
32,380,267,0.09529289603233337
0,393,149,-0.0845196470618248
1,395,147,-0.0857987180352211
2,396,147,-0.08580171316862106
3,397,147,-0.0857791006565094
4,394,146,-0.07228335738182068
5,393,146,-0.0722920224070549
6,393,146,-0.07233405858278275
7,400,148,-0.07661087065935135
8,394,147,-0.013746784068644047
9,395,152,-0.07965782284736633
10,393,151,-0.06209602952003479
11,409,161,-0.09700828790664673
12,388,162,0.032839179039001465
13,400,165,-0.15979744493961334
14,370,162,0.014313380233943462
15,389,146,-0.17728158831596375
16,375,144,-0.06621644645929337
17,387,141,-0.19567537307739258
18,374,140,-0.08338478952646255
19,387,139,-0.1931959092617035
20,376,139,-0.07936263084411621
21,388,141,-0.1767418384552002
22,377,141,-0.06887373328208923
23,403,202,-0.04268164932727814
24,391,202,0.04263579845428467
25,398,231,-0.023387491703033447
26,385,229,0.05052964389324188
27,401,261,0.02171461656689644
28,383,257,0.12802176177501678
29,403,266,0.022876368835568428
30,385,262,0.13278737664222717
31,391,269,-0.047367144376039505
32,380,268,0.08306184411048889
0,395,149,-0.08633910119533539
1,396,148,-0.08666010946035385
2,397,148,-0.08666723966598511
3,398,148,-0.08664994686841965
4,395,147,-0.07271838188171387
5,394,147,-0.07272135466337204
6,394,147,-0.07275177538394928
7,401,149,-0.06801220029592514
8,394,148,-0.014704291708767414
9,396,152,-0.07961646467447281
10,394,151,-0.06268950551748276
11,409,161,-0.07632217556238174
12,388,162,0.02492697536945343
13,401,165,-0.1402040272951126
14,370,162,-0.02887684293091297
15,389,146,-0.17384816706180573
16,375,144,-0.13274604082107544
17,388,141,-0.1941135823726654
18,375,140,-0.1546684056520462
19,388,140,-0.19060765206813812
20,377,139,-0.14942985773086548
21,388,142,-0.1734861582517624
22,377,141,-0.1353151649236679
23,403,202,-0.030982453376054764
24,391,201,0.03089536540210247
25,399,231,-0.016976449638605118
26,385,229,0.03174447640776634
27,401,261,0.02920452505350113
28,383,258,0.10252352803945541
29,403,266,0.024737607687711716
30,385,263,0.10627517849206924
31,392,269,-0.0358746238052845
32,381,268,0.04689093306660652
0,397,148,-0.08175075054168701
1,398,146,-0.08209404349327087
2,399,146,-0.08209599554538727
3,400,146,-0.08207132667303085
4,397,146,-0.06962896883487701
5,396,146,-0.06964696943759918
6,396,146,-0.06968440115451813
7,403,148,-0.06531848758459091
8,396,148,-0.011903085745871067
9,398,151,-0.07518375664949417
10,396,150,-0.059399720281362534
11,410,161,-0.07822194695472717
12,388,163,0.028551597148180008
13,404,172,-0.1482483446598053
14,372,171,-0.031720779836177826
15,392,155,-0.1957244873046875
16,377,153,-0.15577109158039093
17,390,150,-0.21497176587581635
18,376,148,-0.17866627871990204
19,391,148,-0.20952177047729492
20,378,148,-0.17166413366794586
21,391,150,-0.19425569474697113
22,379,149,-0.15787120163440704
23,404,202,-0.03404373303055763
24,391,202,0.033893100917339325
25,400,232,-0.027460400015115738
26,386,230,0.03498800843954086
27,400,261,0.018526194617152214
28,384,258,0.10466283559799194
29,403,267,0.01885509118437767
30,386,263,0.10863909870386124
31,392,269,-0.05083121731877327
32,380,267,0.05686965957283974
0,397,148,-0.07830154150724411
1,399,145,-0.07782645523548126
2,400,145,-0.07784271240234375
3,401,146,-0.07783478498458862
4,397,145,-0.06720651686191559
5,397,145,-0.06722821295261383
6,396,145,-0.06725986301898956
7,403,147,-0.05451487377285957
8,396,147,-0.008489243686199188
9,398,151,-0.06902861595153809
10,396,150,-0.0556488074362278
11,410,161,-0.06299867480993271
12,388,162,0.039545852690935135
13,408,178,-0.1399703323841095
14,378,179,-0.01911046728491783
15,394,165,-0.21140706539154053
16,378,162,-0.15772788226604462
17,391,161,-0.23328621685504913
18,376,158,-0.18091434240341187
19,392,159,-0.22674256563186646
20,376,157,-0.1792648285627365
21,392,160,-0.20946170389652252
22,378,158,-0.16147024929523468
23,404,201,-0.03415967896580696
24,392,201,0.034028030931949615
25,401,231,-0.03975485637784004
26,388,230,0.037301499396562576
27,401,262,0.011332010850310326
28,385,258,0.09947016835212708
29,403,268,0.012564736418426037
30,387,262,0.10226086527109146
31,392,269,-0.055807165801525116
32,381,267,0.04850311949849129
0,397,147,-0.08081956207752228
1,400,145,-0.07885511219501495
2,401,145,-0.07888621091842651
3,401,145,-0.07888717949390411
4,398,145,-0.06908272951841354
5,397,145,-0.06910093873739243
6,397,145,-0.06912803649902344
7,404,147,-0.04809829592704773
8,397,147,-0.007988687604665756
9,399,150,-0.07000595331192017
10,396,149,-0.057618990540504456
11,411,162,-0.054647915065288544
12,389,164,0.048896875232458115
13,411,180,-0.11733689904212952
14,381,184,0.015577874146401882
15,396,174,-0.20493260025978088
16,376,174,-0.11597593128681183
17,391,174,-0.22810767590999603
18,373,173,-0.13741296529769897
19,392,171,-0.2235107272863388
20,373,171,-0.14726141095161438
21,393,172,-0.2040102630853653
22,375,170,-0.12424992769956589
23,404,201,-0.03472929075360298
24,392,201,0.03463956341147423
25,402,231,-0.04085560888051987
26,389,230,0.0357820950448513
27,401,262,0.008768205530941486
28,388,259,0.09641317278146744
29,403,268,0.009467453695833683
30,390,263,0.09858886897563934
31,394,270,-0.06131525710225105
32,382,268,0.04307490587234497
0,398,147,-0.14214777946472168
1,400,145,-0.14052735269069672
2,401,145,-0.140578955411911
3,402,145,-0.14061343669891357
4,398,145,-0.13159635663032532
5,398,145,-0.13161461055278778
6,397,145,-0.1316395401954651
7,405,147,-0.11111314594745636
8,398,147,-0.07044333964586258
9,400,149,-0.13058336079120636
10,397,149,-0.1188138797879219
11,412,165,-0.11617900431156158
12,390,166,0.000376276730094105
13,409,186,-0.12671567499637604
14,385,187,0.03012680821120739
15,396,200,-0.1593751609325409
16,375,197,-0.024152075871825218
17,392,203,-0.17820368707180023
18,372,200,-0.03443777561187744
19,392,203,-0.18675357103347778
20,371,199,-0.0574519969522953
21,392,201,-0.16295015811920166
22,374,198,-0.035848312079906464
23,405,202,-0.036046069115400314
24,393,201,0.03606951981782913
25,403,232,-0.05200689285993576
26,391,231,0.021088982000947
27,401,262,0.000405444938223809
28,392,260,0.07763415575027466
29,403,268,0.001043718308210373
30,395,265,0.0789901465177536
31,395,271,-0.06814520061016083
32,384,268,0.022228259593248367
