0,481,160
1,482,158
2,482,158
3,482,158
4,481,157
5,482,157
6,483,158
7,485,161
8,488,157
9,486,164
10,486,163
11,498,174
12,492,174
13,481,179
14,473,183
15,475,171
16,464,170
17,474,168
18,463,166
19,477,168
20,462,164
21,477,169
22,463,166
23,501,248
24,492,244
25,502,283
26,486,277
27,491,256
28,478,257
29,491,249
30,476,254
31,479,251
32,475,248
0,483,159
1,483,156
2,483,157
3,482,157
4,485,156
5,486,155
6,487,155
7,485,159
8,491,157
9,486,163
10,486,163
11,481,175
12,502,172
13,465,187
14,483,181
15,459,175
16,464,170
17,457,171
18,456,170
19,463,170
20,457,168
21,463,171
22,457,172
23,497,247
24,505,243
25,495,279
26,487,254
27,496,281
28,487,267
29,501,285
30,488,272
31,483,273
32,475,254
0,482,161
1,482,158
2,482,159
3,482,159
4,482,158
5,483,158
6,483,158
7,484,161
8,485,161
9,484,164
10,484,164
11,486,175
12,500,174
13,465,180
14,477,181
15,463,175
16,453,175
17,458,172
18,446,174
19,460,170
20,448,173
21,464,171
22,451,175
23,497,247
24,503,243
25,496,276
26,490,257
27,502,280
28,494,272
29,506,283
30,496,276
31,489,275
32,483,269
0,482,163
1,482,162
2,482,162
3,482,162
4,483,161
5,484,161
6,484,161
7,484,164
8,487,163
9,484,166
10,485,166
11,484,178
12,501,174
13,466,183
14,482,179
15,459,176
16,453,175
17,452,175
18,450,173
19,457,173
20,451,172
21,458,174
22,453,173
23,498,247
24,507,243
25,496,277
26,496,259
27,502,283
28,497,276
29,505,286
30,498,280
31,489,280
32,487,273
0,482,164
1,482,162
2,482,162
3,481,162
4,483,161
5,484,161
6,484,161
7,484,164
8,488,162
9,484,168
10,485,168
11,485,181
12,500,175
13,469,180
14,485,175
15,461,168
16,461,169
17,453,165
18,459,168
19,458,165
20,458,168
21,459,167
22,459,170
23,498,251
24,506,248
25,505,294
26,501,290
27,508,326
28,507,328
29,510,331
30,510,335
31,497,332
32,497,336
0,480,163
1,479,161
2,479,162
3,480,162
4,480,161
5,480,161
6,482,161
7,485,163
8,488,162
9,483,168
10,483,167
11,489,180
12,500,175
13,471,181
14,482,176
15,462,170
16,462,170
17,456,165
18,460,168
19,461,165
20,459,168
21,462,167
22,460,170
23,505,250
24,505,248
25,508,290
26,498,267
27,504,298
28,499,313
29,506,298
30,501,325
31,493,296
32,491,300
0,480,163
1,479,161
2,479,161
3,480,162
4,480,160
5,483,160
6,484,160
7,486,163
8,489,162
9,483,167
10,483,167
11,489,181
12,501,175
13,463,193
14,484,177
15,457,175
16,467,170
17,456,168
18,465,168
19,458,167
20,464,168
21,459,169
22,465,170
23,505,251
24,508,247
25,508,289
26,499,272
27,503,289
28,499,291
29,506,289
30,500,295
31,491,288
32,492,284
0,481,166
1,480,162
2,481,163
3,481,163
4,481,161
5,483,161
6,484,160
7,487,164
8,489,161
9,484,169
10,484,168
11,489,181
12,510,174
13,466,201
14,501,196
15,459,180
16,483,192
17,455,176
18,481,191
19,459,172
20,479,189
21,460,174
22,480,190
23,508,251
24,516,245
25,504,285
26,497,258
27,506,287
28,506,285
29,511,286
30,509,295
31,496,286
32,497,279
0,487,168
1,488,163
2,489,163
3,491,163
4,487,163
5,488,163
6,487,163
7,495,163
8,492,163
9,492,171
10,490,171
11,510,175
12,506,176
13,478,199
14,499,196
15,473,177
16,476,184
17,470,173
18,474,183
19,472,169
20,473,184
21,473,172
22,475,184
23,521,243
24,515,241
25,505,263
26,491,248
27,506,274
28,503,263
29,511,276
30,507,267
31,494,275
32,494,259
0,491,170
1,491,165
2,491,165
3,491,165
4,491,164
5,491,164
6,492,164
7,495,166
8,497,164
9,494,173
10,494,172
11,503,181
12,519,176
13,477,202
14,509,202
15,471,180
16,493,191
17,468,175
18,492,188
19,471,170
20,490,187
21,472,173
22,491,188
23,517,246
24,525,244
25,508,263
26,499,250
27,510,275
28,508,265
29,513,277
30,510,269
31,498,266
32,496,254
0,494,173
1,493,169
2,494,169
3,494,169
4,494,168
5,494,168
6,494,168
7,498,169
8,499,167
9,497,175
10,497,174
11,502,185
12,520,177
13,479,201
14,510,199
15,473,180
16,493,189
17,470,175
18,492,186
19,473,171
20,489,184
21,475,174
22,490,186
23,518,250
24,526,246
25,510,269
26,506,251
27,510,275
28,510,265
29,513,276
30,511,269
31,500,260
32,499,253
0,494,174
1,494,171
2,494,171
3,494,171
4,494,170
5,495,170
6,496,169
7,497,171
8,500,169
9,497,177
10,497,176
11,501,186
12,525,177
13,479,202
14,514,197
15,472,180
16,495,187
17,469,176
18,493,184
19,473,171
20,491,182
21,475,174
22,491,184
23,516,252
24,529,246
25,509,273
26,510,254
27,516,282
28,516,273
29,521,284
30,519,277
31,504,276
32,504,261
0,496,174
1,494,170
2,494,170
3,494,170
4,495,169
5,496,169
6,497,168
7,497,172
8,501,169
9,500,176
10,500,174
11,501,188
12,525,177
13,485,203
14,518,195
15,483,186
16,496,191
17,481,182
18,493,189
19,484,178
20,491,188
21,486,180
22,491,190
23,517,252
24,532,245
25,509,250
26,511,246
27,513,261
28,516,249
29,517,266
30,517,251
31,501,254
32,506,241
0,499,175
1,498,172
2,498,172
3,498,172
4,498,172
5,499,172
6,500,171
7,501,173
8,503,171
9,504,178
10,504,177
11,508,189
12,526,181
13,498,205
14,518,207
15,498,193
16,503,215
17,497,191
18,501,218
19,499,188
20,499,216
21,500,189
22,500,216
23,528,254
24,537,247
25,509,254
26,512,239
27,518,264
28,519,256
29,524,266
30,522,259
31,507,261
32,508,242
0,504,174
1,503,170
2,503,170
3,503,171
4,503,171
5,503,171
6,503,171
7,507,173
8,507,170
9,508,176
10,507,177
11,520,185
12,527,180
13,497,203
14,516,201
15,495,177
16,506,188
17,492,170
18,504,185
19,495,167
20,503,184
21,496,170
22,504,185
23,538,244
24,539,239
25,513,247
26,514,232
27,528,253
28,528,246
29,533,251
30,532,247
31,522,256
32,525,248
0,359,140
1,361,139
2,362,139
3,363,139
4,360,138
5,359,138
6,359,137
7,366,136
8,358,135
9,361,142
10,359,141
11,370,145
12,358,140
13,360,135
14,346,126
15,361,122
16,357,117
17,359,116
18,358,113
19,361,117
20,359,113
21,361,119
22,359,115
23,368,193
24,355,190
25,367,219
26,356,220
27,376,247
28,361,248
29,379,251
30,365,250
31,374,257
32,358,263
0,365,138
1,366,135
2,367,135
3,368,135
4,365,135
5,364,135
6,364,135
7,370,135
8,364,135
9,367,139
10,365,139
11,378,144
12,359,144
13,368,134
14,346,130
15,363,119
16,359,115
17,363,113
18,360,111
19,364,113
20,361,111
21,364,115
22,361,113
23,372,188
24,359,189
25,371,218
26,357,218
27,381,247
28,363,245
29,383,251
30,366,249
31,378,257
32,358,257
0,369,134
1,370,131
2,371,131
3,371,131
4,368,131
5,368,131
6,368,131
7,374,131
8,368,131
9,371,135
10,369,135
11,383,141
12,363,143
13,371,130
14,350,129
15,365,114
16,361,111
17,364,108
18,363,107
19,365,108
20,363,106
21,365,110
22,363,108
23,377,185
24,363,186
25,376,216
26,362,216
27,387,246
28,366,244
29,389,250
30,369,249
31,381,258
32,364,256
0,375,134
1,375,132
2,375,132
3,375,132
4,375,132
5,374,132
6,374,131
7,378,132
8,376,132
9,376,136
10,375,136
11,384,140
12,371,143
13,368,128
14,360,129
15,364,108
16,363,106
17,363,102
18,363,101
19,365,101
20,364,100
21,365,104
22,364,102
23,378,185
24,372,185
25,377,215
26,370,216
27,388,246
28,372,244
29,390,250
30,376,249
31,381,258
32,373,256
0,379,132
1,380,130
2,381,130
3,382,130
4,378,130
5,378,130
6,377,130
7,384,131
8,379,131
9,381,134
10,379,134
11,391,140
12,372,142
13,377,127
14,363,126
15,369,106
16,363,103
17,366,100
18,360,98
19,367,100
20,362,98
21,367,102
22,363,100
23,385,185
24,373,185
25,385,215
26,372,216
27,393,246
28,374,245
29,394,251
30,377,249
31,387,259
32,372,257
0,381,133
1,382,131
2,383,131
3,383,131
4,380,131
5,380,131
6,379,131
7,386,132
8,379,132
9,383,135
10,381,135
11,393,140
12,373,142
13,380,126
14,363,124
15,370,106
16,361,103
17,367,100
18,359,99
19,368,100
20,360,98
21,367,102
22,361,99
23,386,186
24,373,185
25,387,215
26,372,216
27,393,246
28,374,245
29,394,251
30,377,249
31,388,259
32,373,258
0,381,132
1,381,130
2,382,130
3,382,130
4,380,130
5,379,130
6,379,130
7,384,130
8,378,131
9,382,134
10,381,134
11,395,139
12,375,141
13,380,123
14,368,122
15,369,104
16,357,104
17,366,101
18,352,102
19,365,101
20,352,101
21,367,102
22,355,102
23,390,185
24,377,185
25,389,215
26,374,215
27,394,246
28,375,245
29,396,251
30,378,249
31,388,260
32,374,258
0,381,133
1,381,131
2,381,131
3,382,131
4,380,131
5,380,131
6,380,130
7,384,131
8,380,131
9,382,135
10,381,135
11,395,140
12,378,141
13,379,125
14,372,122
15,368,107
16,357,106
17,366,103
18,354,102
19,365,103
20,354,102
21,367,105
22,356,103
23,391,186
24,378,185
25,390,216
26,376,216
27,395,248
28,375,247
29,396,253
30,378,251
31,387,261
32,375,258
0,387,135
1,387,132
2,388,132
3,388,132
4,386,132
5,386,132
6,386,132
7,390,134
8,386,134
9,388,137
10,387,137
11,398,142
12,382,144
13,383,127
14,372,125
15,369,107
16,358,108
17,366,105
18,354,106
19,365,103
20,354,105
21,367,105
22,356,105
23,393,188
24,380,187
25,391,219
26,378,218
27,397,251
28,377,249
29,399,256
30,378,253
31,387,262
32,377,260
0,390,141
1,390,139
2,391,139
3,392,139
4,389,139
5,388,139
6,388,139
7,394,140
8,388,140
9,391,143
10,389,143
11,401,148
12,381,151
13,387,131
14,370,133
15,373,111
16,361,114
17,370,108
18,357,111
19,370,108
20,357,110
21,371,109
22,359,111
23,396,193
24,382,192
25,394,225
26,380,223
27,399,254
28,379,253
29,400,259
30,380,258
31,390,264
32,378,263
0,391,142
1,391,140
2,392,140
3,392,140
4,391,140
5,390,140
6,390,140
7,394,141
8,390,141
9,392,144
10,390,144
11,400,150
12,384,152
13,383,133
14,372,133
15,372,115
16,363,115
17,369,112
18,359,112
19,369,111
20,359,111
21,370,112
22,361,112
23,395,195
24,383,194
25,393,225
26,381,224
27,399,255
28,380,253
29,401,260
30,381,257
31,390,265
32,379,264
0,392,146
1,393,144
2,394,144
3,394,144
4,392,144
5,391,144
6,391,144
7,397,146
8,391,146
9,393,149
10,391,149
11,403,155
12,385,157
13,391,142
14,370,142
15,378,123
16,366,123
17,375,118
18,363,119
19,375,118
20,364,118
21,376,119
22,366,119
23,398,200
24,385,199
25,395,229
26,381,228
27,400,258
28,381,256
29,402,263
30,383,260
31,393,267
32,380,266
0,391,149
1,393,146
2,393,146
3,394,146
4,391,146
5,391,146
6,391,146
7,396,147
8,392,147
9,393,151
10,391,151
11,404,158
12,387,159
13,394,151
14,371,148
15,381,130
16,372,128
17,378,125
18,370,124
19,379,124
20,371,124
21,379,126
22,372,125
23,400,201
24,388,200
25,395,230
26,383,228
27,400,259
28,382,258
29,401,265
30,384,262
31,392,268
32,380,267
0,393,149
1,395,146
2,395,146
3,396,147
4,393,146
5,393,146
6,392,146
7,399,148
8,394,148
9,394,152
10,392,151
11,407,160
12,388,162
13,399,158
14,370,155
15,386,137
16,374,136
17,384,131
18,372,131
19,384,131
20,374,130
21,384,133
22,375,132
23,401,201
24,390,201
25,397,230
26,384,229
27,400,259
28,382,257
29,402,265
30,384,261
31,391,268
32,380,267
0,393,149
1,395,147
2,396,147
3,397,147
4,394,146
5,393,146
6,393,146
7,400,148
8,394,147
9,395,152
10,393,151
11,409,161
12,388,162
13,400,165
14,370,162
15,389,146
16,375,144
17,387,141
18,374,140
19,387,139
20,376,139
21,388,141
22,377,141
23,403,202
24,391,202
25,398,231
26,385,229
27,401,261
28,383,257
29,403,266
30,385,262
31,391,269
32,380,268
0,395,149
1,396,148
2,397,148
3,398,148
4,395,147
5,394,147
6,394,147
7,401,149
8,394,148
9,396,152
10,394,151
11,409,161
12,388,162
13,401,165
14,370,162
15,389,146
16,375,144
17,388,141
18,375,140
19,388,140
20,377,139
21,388,142
22,377,141
23,403,202
24,391,201
25,399,231
26,385,229
27,401,261
28,383,258
29,403,266
30,385,263
31,392,269
32,381,268
0,397,148
1,398,146
2,399,146
3,400,146
4,397,146
5,396,146
6,396,146
7,403,148
8,396,148
9,398,151
10,396,150
11,410,161
12,388,163
13,404,172
14,372,171
15,392,155
16,377,153
17,390,150
18,376,148
19,391,148
20,378,148
21,391,150
22,379,149
23,404,202
24,391,202
25,400,232
26,386,230
27,400,261
28,384,258
29,403,267
30,386,263
31,392,269
32,380,267
0,397,148
1,399,145
2,400,145
3,401,146
4,397,145
5,397,145
6,396,145
7,403,147
8,396,147
9,398,151
10,396,150
11,410,161
12,388,162
13,408,178
14,378,179
15,394,165
16,378,162
17,391,161
18,376,158
19,392,159
20,376,157
21,392,160
22,378,158
23,404,201
24,392,201
25,401,231
26,388,230
27,401,262
28,385,258
29,403,268
30,387,262
31,392,269
32,381,267
0,397,147
1,400,145
2,401,145
3,401,145
4,398,145
5,397,145
6,397,145
7,404,147
8,397,147
9,399,150
10,396,149
11,411,162
12,389,164
13,411,180
14,381,184
15,396,174
16,376,174
17,391,174
18,373,173
19,392,171
20,373,171
21,393,172
22,375,170
23,404,201
24,392,201
25,402,231
26,389,230
27,401,262
28,388,259
29,403,268
30,390,263
31,394,270
32,382,268
0,398,147
1,400,145
2,401,145
3,402,145
4,398,145
5,398,145
6,397,145
7,405,147
8,398,147
9,400,149
10,397,149
11,412,165
12,390,166
13,409,186
14,385,187
15,396,200
16,375,197
17,392,203
18,372,200
19,392,203
20,371,199
21,392,201
22,374,198
23,405,202
24,393,201
25,403,232
26,391,231
27,401,262
28,392,260
29,403,268
30,395,265
31,395,271
32,384,268
0,397,147
1,400,145
2,401,145
3,402,145
4,398,145
5,398,144
6,397,144
7,404,147
8,398,147
9,399,149
10,397,149
11,412,165
12,390,166
13,409,186
14,387,187
15,396,200
16,375,196
17,393,205
18,372,198
19,392,204
20,371,197
21,392,202
22,374,196
23,405,202
24,393,201
25,403,232
26,391,231
27,401,262
28,392,260
29,403,268
30,395,264
31,396,272
32,385,268
0,399,147
1,401,145
2,402,145
3,403,145
4,399,144
5,399,144
6,398,144
7,405,147
8,400,147
9,400,149
10,398,149
11,413,165
12,391,166
13,413,184
14,388,185
15,408,203
16,380,199
17,408,210
18,377,205
19,406,209
20,376,204
21,405,207
22,378,202
23,406,202
24,394,202
25,403,232
26,392,232
27,401,262
28,395,260
29,403,267
30,398,265
31,396,271
32,388,268
0,399,147
1,401,145
2,402,145
3,403,145
4,400,144
5,399,144
6,399,144
7,406,147
8,401,147
9,400,149
10,398,148
11,414,166
12,391,166
13,414,189
14,390,185
15,417,210
16,384,203
17,418,215
18,384,208
19,416,215
20,383,208
21,415,213
22,385,206
23,407,202
24,395,202
25,405,231
26,394,231
27,403,262
28,398,260
29,404,267
30,401,265
31,398,271
32,391,268
0,400,146
1,402,145
2,403,145
3,403,145
4,400,145
5,400,145
6,400,145
7,406,148
8,401,148
9,401,149
10,399,149
11,414,165
12,393,166
13,419,186
14,392,185
15,424,207
16,389,202
17,427,212
18,388,206
19,426,212
20,388,206
21,424,210
22,389,205
23,408,202
24,397,202
25,405,230
26,396,231
27,403,261
28,402,260
29,405,266
30,405,264
31,398,269
32,394,268
0,401,147
1,403,145
2,404,146
3,405,146
4,402,145
5,401,145
6,401,146
7,407,149
8,402,148
9,402,150
10,400,149
11,416,165
12,394,166
13,425,185
14,396,184
15,432,204
16,392,202
17,436,209
18,392,206
19,436,209
20,392,206
21,433,208
22,392,204
23,409,203
24,399,204
25,405,229
26,399,231
27,403,261
28,408,257
29,404,266
30,411,260
31,398,269
32,402,266
0,401,147
1,403,146
2,404,146
3,405,146
4,402,146
5,402,146
6,401,146
7,408,149
8,402,148
9,403,150
10,400,149
11,416,166
12,394,166
13,425,185
14,395,184
15,433,204
16,393,202
17,436,208
18,393,206
19,436,209
20,393,206
21,433,208
22,393,205
23,409,204
24,399,204
25,405,231
26,399,231
27,403,261
28,408,256
29,404,266
30,411,259
31,398,269
32,403,265
0,403,148
1,405,146
2,406,146
3,406,147
4,403,146
5,403,146
6,403,146
7,409,149
8,404,149
9,404,151
10,402,150
11,418,165
12,396,166
13,430,184
14,399,184
15,440,203
16,397,203
17,445,208
18,396,207
19,445,209
20,397,207
21,443,208
22,398,206
23,411,204
24,402,204
25,406,231
26,403,231
27,404,263
28,414,253
29,405,268
30,419,254
31,398,269
32,409,263
0,403,148
1,405,147
2,406,147
3,407,147
4,404,147
5,404,147
6,403,147
7,409,150
8,405,149
9,405,151
10,403,151
11,420,165
12,398,166
13,433,183
14,402,184
15,444,200
16,401,201
17,448,205
18,399,206
19,447,206
20,400,205
21,445,205
22,400,204
23,413,204
24,403,204
25,407,231
26,403,231
27,405,264
28,418,251
29,406,269
30,422,251
31,397,269
32,414,262
0,404,148
1,406,147
2,406,147
3,407,147
4,404,147
5,404,147
6,404,147
7,410,150
8,405,149
9,405,151
10,403,151
11,421,165
12,400,166
13,435,181
14,403,184
15,446,197
16,401,201
17,450,202
18,400,205
19,448,204
20,400,205
21,446,202
22,401,203
23,415,203
24,405,204
25,409,231
26,405,231
27,405,264
28,423,250
29,407,269
30,427,251
31,397,269
32,421,262
0,405,149
1,407,147
2,408,147
3,408,147
4,406,147
5,405,147
6,405,148
7,411,150
8,407,150
9,406,151
10,405,151
11,422,165
12,401,167
13,437,180
14,405,183
15,447,196
16,404,200
17,451,201
18,403,206
19,449,202
20,404,206
21,447,200
22,405,204
23,417,203
24,407,204
25,412,231
26,409,231
27,406,263
28,427,251
29,407,269
30,432,252
31,397,269
32,424,263
0,406,149
1,407,147
2,408,148
3,409,148
4,406,148
5,406,148
6,406,148
7,412,150
8,407,150
9,407,151
10,405,151
11,422,165
12,402,167
13,436,179
14,404,183
15,446,194
16,403,201
17,451,200
18,402,206
19,448,201
20,403,204
21,446,200
22,403,203
23,418,202
24,408,203
25,413,231
26,409,231
27,407,263
28,427,251
29,407,269
30,432,252
31,397,268
32,424,263
0,406,151
1,407,149
2,408,149
3,409,149
4,406,149
5,406,149
6,406,149
7,413,151
8,408,151
9,407,153
10,405,153
11,423,165
12,403,167
13,437,179
14,406,184
15,448,194
16,406,201
17,452,201
18,404,208
19,450,203
20,404,208
21,449,201
22,406,204
23,419,202
24,410,203
25,414,231
26,412,231
27,407,263
28,430,251
29,408,268
30,434,253
31,397,268
32,424,263
0,407,151
1,408,149
2,409,149
3,410,149
4,407,149
5,407,149
6,407,149
7,413,151
8,409,151
9,408,154
10,406,154
11,424,166
12,404,167
13,438,180
14,408,185
15,449,195
16,407,202
17,454,201
18,407,208
19,452,203
20,407,208
21,450,201
22,408,206
23,420,202
24,412,203
25,414,231
26,417,232
27,407,263
28,432,253
29,408,269
30,436,257
31,397,267
32,424,263
0,408,153
1,410,150
2,410,150
3,411,150
4,408,151
5,408,151
6,408,151
7,415,152
8,410,152
9,410,155
10,408,155
11,425,167
12,405,169
13,439,182
14,410,186
15,450,197
16,410,203
17,455,203
18,410,207
19,453,204
20,409,209
21,451,203
22,410,205
23,422,203
24,413,204
25,417,232
26,418,232
27,408,263
28,433,255
29,408,268
30,438,261
31,398,265
32,424,263
0,409,154
1,411,152
2,412,152
3,413,152
4,409,152
5,409,152
6,409,152
7,416,153
8,411,154
9,411,157
10,409,157
11,426,169
12,406,170
13,440,184
14,411,188
15,450,199
16,411,204
17,454,205
18,409,210
19,452,206
20,411,209
21,450,205
22,411,207
23,424,204
24,415,205
25,418,233
26,421,233
27,409,262
28,434,257
29,409,268
30,439,262
31,399,263
32,426,263
0,409,155
1,411,152
2,411,152
3,412,152
4,409,153
5,409,153
6,409,153
7,416,154
8,411,154
9,411,157
10,409,157
11,426,169
12,407,171
13,440,184
14,411,189
15,450,199
16,412,204
17,454,204
18,410,210
19,452,206
20,412,208
21,450,204
22,413,206
23,424,204
24,415,205
25,418,233
26,421,233
27,409,262
28,435,257
29,409,268
30,439,262
31,400,263
32,426,263
0,410,154
1,411,152
2,412,152
3,413,152
4,410,152
5,410,152
6,410,152
7,416,154
8,412,154
9,412,157
10,410,157
11,427,169
12,408,171
13,439,186
14,412,189
15,449,202
16,414,204
17,453,207
18,414,209
19,452,208
20,414,208
21,450,206
22,414,206
23,425,205
24,417,206
25,420,234
26,422,234
27,410,261
28,435,258
29,410,268
30,439,263
31,400,261
32,426,263
0,411,154
1,413,152
2,414,152
3,415,152
4,412,152
5,411,152
6,411,152
7,418,154
8,413,154
9,413,156
10,411,156
11,428,169
12,410,171
13,438,186
14,412,189
15,449,203
16,412,203
17,450,207
18,410,208
19,451,207
20,410,208
21,450,206
22,411,207
23,427,204
24,418,205
25,422,234
26,424,234
27,412,260
28,435,258
29,412,267
30,439,263
31,402,260
32,427,263
0,411,154
1,413,152
2,414,152
3,415,152
4,412,152
5,412,152
6,412,152
7,418,154
8,414,154
9,413,156
10,411,156
11,430,169
12,411,171
13,436,188
14,413,189
15,441,205
16,413,205
17,444,211
18,413,209
19,442,212
20,414,210
21,441,209
22,414,208
23,429,203
24,420,205
25,424,232
26,426,233
27,415,259
28,435,257
29,415,265
30,439,262
31,404,261
32,427,264
0,412,154
1,414,151
2,415,151
3,415,151
4,413,152
5,413,152
6,412,152
7,419,153
8,415,154
9,414,156
10,412,156
11,431,168
12,412,171
13,435,187
14,413,190
15,438,205
16,412,208
17,439,210
18,412,213
19,438,211
20,413,214
21,437,209
22,414,212
23,430,203
24,421,205
25,424,231
26,428,232
27,417,258
28,436,257
29,418,264
30,439,262
31,407,262
32,427,264
0,413,154
1,414,151
2,415,151
3,416,151
4,413,151
5,413,152
6,413,152
7,420,153
8,415,153
9,414,156
10,413,156
11,431,168
12,412,170
13,435,187
14,412,190
15,438,204
16,412,208
17,440,209
18,412,214
19,439,210
20,413,214
21,438,208
22,413,212
23,430,203
24,421,204
25,424,230
26,428,232
27,418,258
28,436,257
29,419,263
30,439,262
31,408,262
32,427,264
0,413,153
1,415,151
2,416,151
3,416,151
4,414,151
5,413,151
6,413,151
7,421,153
8,415,153
9,415,156
10,413,156
11,432,167
12,414,170
13,432,187
14,413,189
15,427,206
16,411,207
17,425,212
18,411,213
19,425,213
20,412,213
21,425,211
22,412,211
23,430,202
24,422,204
25,425,230
26,428,231
27,420,258
28,436,258
29,421,263
30,440,262
31,409,263
32,428,264
0,414,153
1,416,151
2,416,151
3,417,150
4,414,151
5,414,151
6,414,151
7,421,152
8,416,153
9,416,155
10,414,156
11,432,167
12,414,170
13,431,187
14,414,189
15,420,205
16,411,206
17,418,210
18,411,211
19,416,213
20,411,210
21,417,211
22,411,209
23,431,202
24,422,203
25,427,230
26,427,231
27,424,260
28,435,258
29,426,264
30,439,263
31,412,265
32,427,264
0,414,153
1,416,150
2,417,150
3,418,150
4,415,151
5,415,151
6,414,151
7,422,152
8,417,152
9,416,155
10,415,156
11,432,167
12,415,170
13,429,187
14,415,189
15,416,201
16,408,204
17,414,204
18,405,207
19,413,203
20,405,206
21,413,203
22,405,205
23,432,202
24,422,203
25,429,230
26,427,231
27,426,260
28,435,257
29,428,264
30,438,263
31,414,266
32,426,265
0,415,152
1,417,150
2,418,150
3,419,150
4,416,150
5,416,151
6,415,151
7,423,152
8,417,152
9,417,155
10,415,155
11,433,166
12,415,170
13,430,185
14,414,190
15,419,196
16,402,203
17,422,204
18,400,205
19,421,203
20,397,204
21,421,202
22,398,204
23,432,202
24,423,203
25,430,230
26,428,230
27,426,261
28,435,257
29,427,265
30,438,263
31,414,265
32,425,265
0,415,152
1,417,150
2,418,150
3,419,150
4,416,150
5,416,150
6,415,150
7,423,152
8,418,152
9,417,154
10,416,155
11,433,166
12,416,170
13,429,184
14,414,190
15,416,195
16,401,202
17,414,200
18,399,205
19,415,202
20,397,204
21,415,201
22,398,204
23,433,201
24,423,202
25,431,230
26,427,230
27,426,261
28,433,257
29,428,265
30,437,264
31,415,265
32,422,265
0,416,152
1,418,150
2,419,150
3,419,150
4,416,150
5,416,150
6,416,150
7,423,151
8,418,152
9,418,154
10,416,155
11,433,165
12,416,170
13,428,183
14,414,189
15,411,192
16,403,198
17,406,196
18,401,201
19,405,194
20,400,200
21,406,193
22,401,199
23,433,201
24,423,202
25,431,230
26,427,230
27,426,261
28,433,257
29,428,265
30,437,263
31,414,265
32,422,265
0,416,152
1,418,150
2,418,150
3,419,150
4,416,150
5,416,150
6,416,150
7,423,151
8,418,152
9,418,154
10,416,155
11,433,165
12,415,169
13,428,182
14,414,187
15,410,188
16,408,193
17,405,191
18,407,196
19,404,189
20,407,194
21,405,188
22,408,193
23,433,201
24,423,202
25,431,230
26,427,229
27,426,260
28,432,256
29,428,265
30,435,262
31,415,264
32,423,265
0,416,152
1,418,150
2,418,149
3,419,149
4,416,150
5,416,150
6,416,150
7,423,151
8,418,152
9,418,154
10,416,155
11,433,164
12,415,169
13,428,182
14,414,186
15,409,186
16,408,190
17,404,188
18,405,192
19,403,185
20,406,190
21,405,185
22,407,189
23,433,201
24,423,201
25,432,230
26,427,229
27,427,260
28,432,256
29,429,265
30,435,262
31,418,264
32,423,265
0,416,152
1,417,149
2,418,149
3,419,149
4,416,150
5,416,150
6,416,150
7,423,151
8,418,152
9,418,154
10,416,154
11,432,164
12,415,168
13,428,182
14,414,185
15,409,184
16,406,185
17,405,186
18,403,185
19,404,183
20,403,183
21,406,183
22,404,183
23,433,201
24,423,202
25,432,230
26,426,229
27,428,259
28,431,256
29,428,265
30,434,262
31,419,264
32,423,265
0,416,152
1,418,149
2,418,149
3,419,149
4,416,150
5,416,150
6,416,150
7,423,151
8,418,151
9,418,154
10,416,154
11,432,164
12,415,168
13,428,182
14,414,185
15,410,184
16,404,184
17,406,186
18,401,184
19,405,183
20,401,182
21,406,183
22,402,182
23,434,201
24,423,202
25,431,230
26,426,229
27,426,259
28,431,256
29,428,264
30,434,262
31,420,263
32,423,265
0,416,152
1,418,150
2,418,150
3,419,150
4,416,150
5,416,150
6,416,150
7,423,151
8,418,152
9,418,154
10,416,155
11,432,165
12,415,168
13,428,182
14,414,185
15,410,184
16,404,184
17,406,185
18,401,185
19,405,182
20,401,183
21,406,182
22,402,182
23,433,201
24,424,202
25,431,230
26,426,229
27,428,259
28,431,256
29,429,264
30,434,262
31,420,263
32,422,265
0,416,153
1,417,150
2,418,150
3,419,150
4,416,150
5,416,150
6,416,150
7,423,151
8,418,152
9,418,155
10,416,155
11,432,165
12,415,168
13,428,183
14,414,185
15,411,184
16,405,183
17,407,185
18,401,184
19,406,182
20,401,182
21,407,182
22,403,182
23,433,201
24,424,202
25,431,230
26,426,229
27,427,257
28,431,256
29,428,262
30,434,262
31,421,263
32,422,264
0,415,153
1,417,151
2,418,151
3,419,150
4,416,151
5,416,151
6,415,151
7,422,152
8,417,152
9,417,155
10,415,155
11,432,165
12,415,169
13,428,184
14,414,185
15,411,184
16,408,186
17,408,185
18,404,187
19,407,183
20,405,185
21,408,182
22,405,184
23,433,201
24,423,201
25,431,230
26,426,229
27,428,257
28,430,256
29,429,262
30,433,261
31,420,264
32,422,264
0,415,153
1,417,151
2,418,151
3,418,150
4,415,151
5,415,151
6,415,151
7,422,152
8,416,152
9,417,155
10,415,155
11,432,165
12,414,169
13,430,184
14,413,185
15,411,185
16,409,187
17,409,186
18,410,189
19,408,184
20,410,186
21,409,183
22,410,185
23,432,201
24,423,202
25,431,229
26,426,229
27,428,257
28,429,256
29,429,261
30,432,261
31,421,264
32,421,264
0,415,153
1,417,151
2,417,151
3,418,150
4,415,151
5,415,151
6,414,151
7,422,152
8,416,152
9,417,155
10,415,155
11,432,165
12,414,169
13,430,184
14,413,185
15,412,185
16,409,187
17,409,186
18,411,191
19,408,184
20,411,186
21,409,183
22,411,185
23,432,201
24,422,202
25,431,229
26,426,229
27,428,256
28,429,256
29,429,261
30,432,261
31,421,264
32,421,264
0,415,153
1,416,151
2,417,151
3,418,150
4,415,151
5,414,151
6,414,151
7,422,152
8,415,152
9,417,155
10,415,155
11,432,165
12,413,169
13,432,184
14,413,185
15,415,185
16,411,189
17,411,187
18,410,192
19,410,184
20,410,189
21,411,183
22,411,187
23,432,201
24,422,202
25,430,229
26,425,229
27,428,256
28,429,256
29,428,261
30,432,262
31,421,264
32,421,264
0,413,153
1,415,151
2,416,151
3,416,150
4,413,151
5,413,151
6,413,151
7,420,152
8,415,152
9,415,155
10,413,155
11,432,165
12,413,169
13,437,184
14,415,185
15,440,200
16,411,191
17,441,205
18,410,194
19,440,206
20,410,192
21,439,204
22,411,191
23,432,200
24,421,201
25,429,229
26,424,229
27,426,256
28,429,256
29,425,261
30,432,261
31,419,264
32,421,264
0,412,153
1,414,150
2,414,150
3,415,150
4,412,151
5,412,151
6,412,151
7,419,152
8,414,152
9,414,155
10,412,155
11,431,165
12,412,169
13,438,184
14,417,186
15,441,200
16,412,196
17,442,205
18,410,200
19,440,205
20,410,198
21,440,204
22,411,197
23,431,200
24,421,201
25,428,228
26,422,228
27,426,256
28,428,256
29,426,261
30,432,261
31,419,264
32,421,263
0,411,153
1,413,150
2,413,150
3,414,150
4,411,151
5,411,151
6,411,151
7,418,151
8,413,152
9,413,155
10,411,155
11,430,165
12,412,169
13,438,184
14,416,186
15,441,200
16,412,197
17,442,205
18,410,201
19,440,206
20,409,200
21,440,204
22,411,198
23,430,199
24,420,200
25,426,227
26,422,228
27,426,256
28,427,255
29,428,261
30,431,261
31,418,264
32,419,263
0,411,153
1,413,150
2,413,150
3,414,150
4,411,151
5,411,151
6,411,151
7,418,151
8,413,152
9,413,155
10,411,155
11,430,165
12,411,169
13,438,184
14,416,186
15,440,200
16,412,198
17,441,205
18,410,201
19,439,206
20,409,200
21,439,204
22,411,199
23,430,199
24,419,200
25,426,227
26,421,227
27,426,256
28,427,255
29,428,261
30,430,260
31,418,264
32,418,263
0,411,153
1,413,150
2,413,150
3,414,150
4,411,151
5,411,151
6,410,151
7,418,151
8,412,152
9,413,155
10,411,155
11,430,165
12,411,169
13,439,183
14,416,185
15,434,199
16,410,197
17,420,195
18,408,199
19,418,194
20,408,198
21,419,192
22,409,197
23,430,199
24,419,200
25,426,227
26,420,227
27,427,256
28,425,255
29,430,261
30,427,260
31,420,264
32,417,263
0,411,153
1,412,150
2,413,150
3,414,150
4,411,151
5,411,151
6,410,151
7,418,151
8,412,152
9,413,155
10,411,155
11,429,165
12,410,169
13,439,183
14,416,184
15,429,196
16,410,196
17,416,194
18,409,199
19,415,192
20,408,197
21,416,191
22,409,196
23,429,199
24,419,200
25,426,227
26,420,227
27,427,257
28,425,255
29,429,261
30,428,260
31,419,265
32,417,263
0,410,153
1,412,150
2,412,150
3,413,150
4,410,151
5,410,151
6,410,151
7,417,151
8,412,152
9,412,155
10,410,155
11,429,165
12,410,168
13,439,182
14,415,183
15,429,196
16,410,194
17,416,193
18,409,197
19,415,191
20,408,196
21,418,191
22,409,195
23,429,199
24,419,200
25,426,227
26,420,227
27,426,257
28,425,255
29,429,261
30,427,259
31,418,265
32,417,263
0,410,151
1,411,149
2,412,149
3,413,149
4,410,149
5,410,149
6,410,149
7,417,150
8,412,151
9,412,154
10,410,154
11,429,164
12,410,167
13,439,181
14,414,182
15,431,196
16,410,192
17,429,199
18,409,196
19,425,198
20,408,195
21,425,196
22,409,194
23,429,198
24,419,199
25,426,225
26,420,226
27,426,255
28,425,253
29,427,260
30,428,258
31,418,264
32,417,262
0,410,151
1,411,149
2,412,148
3,413,148
4,410,149
5,410,149
6,409,149
7,417,150
8,411,151
9,411,153
10,410,153
11,429,163
12,410,166
13,439,181
14,413,182
15,430,196
16,410,192
17,428,199
18,408,196
19,424,197
20,408,195
21,425,196
22,409,193
23,429,198
24,419,199
25,426,225
26,420,226
27,425,254
28,426,253
29,426,260
30,430,258
31,418,264
32,417,262
0,410,149
1,411,147
2,412,147
3,413,147
4,410,147
5,410,147
6,409,148
7,417,149
8,411,149
9,411,152
10,410,152
11,429,162
12,410,166
13,439,180
14,413,181
15,430,196
16,409,189
17,429,199
18,407,193
19,425,197
20,407,192
21,425,196
22,408,190
23,429,197
24,419,198
25,426,225
26,420,225
27,423,255
28,427,252
29,424,260
30,430,257
31,416,264
32,418,261
0,409,148
1,411,146
2,412,146
3,413,146
4,410,146
5,410,146
6,409,146
7,417,148
8,411,148
9,411,150
10,410,151
11,429,162
12,410,165
13,438,180
14,413,181
15,438,197
16,407,189
17,439,202
18,405,192
19,437,202
20,405,190
21,436,200
22,405,189
23,429,197
24,418,198
25,426,224
26,420,224
27,423,254
28,427,251
29,423,259
30,430,256
31,415,263
32,419,261
0,410,147
1,411,144
2,412,144
3,413,144
4,410,145
5,410,145
6,409,145
7,417,146
8,411,147
9,411,149
10,410,149
11,429,161
12,409,164
13,438,179
14,413,180
15,440,196
16,406,186
17,440,201
18,403,189
19,439,201
20,403,187
21,438,200
22,404,186
23,429,195
24,418,196
25,426,222
26,420,223
27,423,251
28,426,249
29,424,257
30,431,256
31,416,262
32,419,260
0,410,145
1,411,143
2,412,143
3,413,143
4,410,143
5,410,143
6,409,144
7,417,144
8,411,145
9,411,148
10,410,148
11,429,159
12,409,162
13,437,178
14,411,179
15,439,195
16,405,184
17,440,201
18,403,186
19,438,200
20,402,184
21,438,199
22,403,183
23,428,194
24,418,195
25,426,221
26,420,221
27,422,251
28,427,248
29,423,256
30,432,254
31,416,260
32,420,258
0,410,145
1,411,142
2,412,142
3,413,142
4,410,143
5,410,143
6,409,143
7,417,144
8,411,145
9,411,147
10,410,147
11,429,159
12,409,162
13,437,178
14,411,179
15,440,195
16,405,183
17,440,200
18,402,186
19,439,200
20,402,183
21,438,199
22,403,182
23,428,193
24,418,194
25,426,221
26,420,221
27,422,251
28,428,247
29,423,256
30,432,253
31,415,260
32,420,257
0,410,144
1,411,141
2,412,141
3,413,141
4,410,141
5,410,142
6,409,142
7,417,143
8,411,144
9,411,146
10,410,146
11,429,158
12,409,160
13,436,177
14,410,178
15,439,192
16,405,178
17,440,199
18,401,181
19,439,199
20,401,178
21,438,197
22,402,177
23,428,192
24,418,193
25,426,219
26,420,220
27,422,250
28,428,246
29,423,255
30,431,252
31,415,259
32,422,256
0,410,143
1,412,140
2,413,140
3,414,140
4,410,140
5,410,141
6,410,141
7,417,142
8,411,142
9,412,145
10,410,145
11,429,156
12,409,159
13,433,176
14,408,176
15,411,177
16,403,175
17,407,180
18,399,177
19,406,175
20,399,175
21,407,175
22,401,174
23,428,192
24,418,192
25,426,218
26,420,219
27,421,248
28,428,245
29,423,253
30,431,250
31,415,258
32,422,255
0,411,142
1,412,140
2,413,140
3,414,140
4,411,140
5,411,140
6,410,140
7,418,142
8,412,142
9,413,145
10,411,145
11,430,156
12,408,158
13,432,176
14,406,174
15,410,175
16,402,172
17,405,176
18,399,174
19,405,172
20,400,172
21,407,171
22,401,171
23,429,191
24,418,192
25,426,218
26,420,219
27,422,249
28,428,245
29,422,254
30,431,250
31,416,257
32,424,255
0,411,141
1,413,139
2,414,139
3,415,139
4,411,139
5,411,139
6,411,139
7,418,140
8,412,141
9,413,144
10,411,144
11,430,156
12,408,157
13,431,176
14,406,173
15,409,173
16,400,171
17,404,174
18,397,172
19,404,170
20,397,170
21,406,170
22,398,170
23,430,190
24,418,191
25,426,219
26,420,219
27,422,249
28,429,244
29,422,254
30,432,247
31,416,257
32,424,253
0,411,142
1,413,139
2,414,139
3,415,139
4,411,139
5,411,139
6,411,139
7,418,141
8,413,140
9,413,144
10,411,144
11,431,156
12,409,157
13,431,176
14,405,173
15,409,173
16,399,171
17,404,173
18,396,172
19,404,170
20,397,169
21,406,169
22,398,169
23,430,190
24,418,191
25,426,219
26,420,219
27,422,249
28,429,243
29,422,254
30,432,247
31,416,257
32,424,252
0,412,141
1,413,139
2,414,139
3,415,139
4,412,139
5,412,139
6,411,139
7,419,140
8,413,140
9,413,144
10,411,143
11,431,155
12,409,156
13,430,175
14,405,172
15,408,171
16,398,170
17,404,171
18,395,170
19,404,168
20,395,168
21,405,168
22,397,168
23,430,190
24,418,191
25,426,219
26,420,219
27,422,249
28,429,243
29,423,254
30,433,246
31,416,257
32,424,252
0,412,141
1,414,139
2,415,138
3,416,138
4,412,139
5,412,138
6,412,138
7,420,140
8,413,140
9,414,143
10,412,143
11,431,155
12,409,156
13,428,175
14,405,172
15,408,171
16,397,169
17,403,170
18,394,169
19,403,167
20,394,167
21,405,167
22,396,167
23,430,190
24,418,191
25,425,218
26,419,218
27,422,248
28,429,241
29,423,253
30,433,245
31,416,257
32,424,251
0,412,141
1,414,139
2,415,139
3,416,139
4,413,139
5,412,139
6,412,138
7,420,140
8,414,140
9,414,144
10,412,144
11,431,155
12,409,155
13,426,174
14,404,172
15,406,170
16,396,169
17,401,170
18,393,169
19,401,167
20,393,166
21,403,167
22,395,166
23,429,190
24,417,191
25,425,219
26,418,218
27,422,248
28,429,241
29,423,253
30,433,244
31,417,257
32,424,250
0,413,141
1,415,139
2,416,139
3,417,139
4,413,139
5,413,139
6,412,138
7,421,140
8,414,140
9,415,144
10,412,144
11,431,156
12,409,155
13,425,174
14,404,171
15,405,171
16,394,169
17,400,171
18,392,169
19,400,167
20,392,166
21,402,167
22,393,166
23,428,190
24,416,191
25,425,219
26,417,218
27,422,248
28,429,241
29,423,253
30,433,245
31,418,257
32,424,250
0,413,142
1,415,139
2,416,139
3,417,139
4,413,139
5,413,139
6,413,138
7,421,140
8,414,140
9,415,144
10,412,144
11,431,156
12,409,155
13,424,174
14,403,171
15,405,171
16,394,168
17,400,171
18,391,169
19,400,167
20,392,166
21,402,167
22,393,166
23,428,191
24,416,191
25,425,219
26,417,219
27,423,248
28,429,242
29,423,253
30,432,245
31,418,257
32,424,251
0,413,142
1,415,139
2,416,139
3,417,138
4,413,139
5,413,139
6,413,138
7,421,140
8,414,140
9,415,144
10,413,144
11,431,156
12,409,155
13,424,174
14,403,171
15,405,171
16,394,170
17,400,171
18,392,171
19,399,168
20,393,169
21,401,168
22,394,168
23,426,191
24,414,191
25,424,218
26,416,219
27,424,246
28,427,242
29,425,251
30,430,246
31,418,256
32,421,252
0,413,141
1,415,138
2,416,138
3,417,138
4,413,138
5,413,138
6,413,138
7,421,140
8,414,140
9,415,144
10,413,144
11,431,156
12,409,155
13,424,174
14,403,170
15,405,171
16,395,169
17,400,171
18,392,170
19,400,168
20,392,168
21,401,168
22,394,168
23,426,191
24,414,191
25,425,219
26,416,219
27,424,246
28,425,242
29,426,250
30,427,246
31,419,256
32,419,252
0,413,141
1,415,138
2,416,138
3,417,138
4,413,138
5,413,138
6,413,138
7,421,140
8,414,139
9,415,143
10,413,143
11,431,156
12,408,155
13,425,174
14,403,170
15,405,172
16,395,170
17,401,171
18,393,170
19,400,168
20,393,168
21,402,168
22,394,168
23,426,191
24,414,191
25,425,219
26,415,219
27,424,246
28,423,243
29,426,251
30,425,247
31,420,256
32,417,253
0,412,140
1,414,138
2,415,138
3,416,138
4,413,138
5,413,138
6,413,138
7,420,140
8,414,139
9,414,143
10,412,143
11,431,156
12,408,155
13,425,175
14,402,170
15,406,172
16,397,170
17,402,172
18,395,170
19,401,168
20,396,168
21,403,168
22,397,168
23,426,191
24,414,191
25,425,219
26,414,219
27,424,246
28,422,243
29,425,251
30,425,248
31,420,255
32,416,254
0,412,140
1,414,138
2,415,138
3,416,138
4,413,138
5,413,138
6,413,137
7,420,140
8,414,139
9,414,143
10,412,142
11,431,156
12,407,155
13,425,175
14,402,170
15,406,172
16,398,170
17,402,172
18,397,170
19,401,168
20,398,169
21,403,168
22,399,168
23,426,191
24,413,191
25,426,219
26,414,219
27,424,247
28,422,244
29,425,251
30,424,248
31,420,256
32,416,254
0,412,140
1,414,138
2,415,138
3,416,138
4,413,138
5,413,138
6,412,138
7,419,140
8,414,139
9,414,143
10,412,143
11,431,156
12,406,155
13,426,175
14,401,170
15,407,172
16,401,170
17,402,171
18,402,171
19,401,168
20,403,169
21,403,168
22,403,168
23,426,191
24,413,191
25,426,219
26,414,219
27,424,247
28,422,244
29,425,251
30,424,248
31,420,256
32,416,254
0,412,140
1,414,138
2,415,138
3,416,138
4,412,138
5,412,137
6,412,137
7,419,139
8,413,139
9,414,142
10,412,142
11,431,155
12,405,155
13,428,175
14,401,171
15,409,172
16,409,170
17,404,171
18,411,170
19,403,168
20,412,168
21,406,168
22,412,168
23,426,191
24,413,191
25,426,219
26,413,219
27,424,246
28,421,243
29,425,251
30,423,247
31,420,255
32,416,254
0,411,140
1,413,138
2,414,138
3,415,138
4,412,138
5,411,138
6,411,138
7,419,140
8,412,139
9,413,142
10,411,142
11,430,155
12,405,156
13,430,175
14,402,174
15,410,174
16,409,173
17,404,174
18,410,172
19,404,172
20,411,169
21,406,172
22,410,170
23,425,192
24,412,192
25,426,220
26,413,219
27,424,247
28,420,243
29,425,252
30,422,247
31,420,256
32,416,254
0,411,140
1,413,138
2,414,139
3,415,139
4,411,138
5,411,138
6,411,139
7,418,141
8,411,141
9,413,143
10,411,143
11,430,156
12,405,158
13,430,176
14,403,176
15,411,178
16,406,179
17,406,179
18,406,182
19,406,176
20,407,180
21,408,176
22,407,178
23,425,193
24,412,193
25,425,222
26,412,220
27,424,248
28,419,244
29,425,254
30,422,248
31,419,257
32,414,254
0,411,140
1,412,139
2,413,139
3,414,139
4,411,139
5,411,139
6,410,139
7,418,141
8,411,141
9,412,143
10,410,143
11,429,156
12,405,159
13,431,176
14,404,177
15,412,179
16,405,181
17,407,180
18,405,184
19,406,178
20,406,182
21,408,177
22,406,180
23,425,194
24,412,194
25,425,222
26,412,220
27,424,249
28,419,245
29,425,254
30,422,248
31,418,257
32,414,255
0,410,141
1,412,139
2,412,139
3,414,139
4,410,139
5,410,139
6,409,139
7,417,141
8,410,141
9,411,143
10,409,143
11,429,156
12,405,159
13,431,177
14,405,178
15,412,181
16,407,183
17,407,182
18,407,187
19,406,180
20,407,185
21,408,179
22,407,183
23,425,194
24,412,194
25,425,223
26,410,220
27,424,249
28,417,246
29,425,254
30,420,249
31,417,258
32,412,256
0,409,141
1,411,139
2,412,139
3,413,140
4,409,139
5,409,139
6,409,139
7,417,142
8,410,142
9,410,144
10,409,144
11,429,157
12,404,160
13,431,177
14,405,178
15,412,182
16,406,185
17,408,183
18,407,188
19,406,181
20,407,186
21,408,180
22,407,184
23,425,194
24,412,194
25,424,223
26,409,221
27,424,251
28,414,247
29,425,255
30,417,250
31,418,260
32,409,257
0,409,142
1,411,140
2,411,140
3,412,140
4,409,140
5,409,140
6,408,140
7,416,142
8,410,142
9,410,144
10,408,144
11,428,157
12,404,160
13,431,177
14,405,179
15,414,181
16,403,186
17,409,183
18,402,190
19,408,181
20,401,188
21,410,180
22,402,187
23,424,194
24,411,194
25,424,223
26,408,221
27,424,251
28,411,247
29,425,256
30,414,251
31,418,260
32,405,258
0,409,142
1,411,140
2,412,140
3,413,140
4,409,140
5,409,140
6,408,140
7,417,142
8,410,142
9,410,145
10,408,145
11,428,157
12,404,160
13,432,178
14,405,179
15,414,185
16,404,186
17,409,189
18,403,190
19,408,186
20,403,188
21,410,185
22,404,187
23,424,195
24,411,194
25,424,224
26,408,222
27,425,251
28,409,249
29,426,257
30,411,252
31,418,260
32,401,259
0,409,143
1,411,140
2,411,140
3,412,141
4,409,140
5,409,140
6,408,140
7,417,143
8,410,142
9,410,145
10,408,145
11,428,158
12,404,160
13,432,178
14,405,179
15,413,186
16,404,187
17,409,189
18,404,191
19,408,187
20,404,189
21,409,186
22,404,187
23,424,195
24,411,194
25,424,224
26,408,222
27,425,252
28,408,249
29,426,257
30,410,253
31,417,261
32,401,260
0,409,143
1,411,140
2,411,140
3,413,140
4,409,140
5,409,140
6,408,140
7,417,143
8,410,142
9,410,145
10,408,145
11,428,158
12,404,160
13,432,178
14,405,178
15,413,184
16,404,186
17,409,186
18,403,190
19,408,184
20,403,188
21,409,183
22,404,186
23,424,195
24,411,194
25,424,224
26,408,222
27,425,251
28,407,250
29,427,256
30,408,254
31,417,260
32,400,259
0,409,141
1,411,139
2,411,139
3,412,139
4,409,139
5,409,139
6,408,139
7,416,141
8,410,141
9,410,143
10,408,143
11,428,155
12,404,159
13,431,174
14,404,176
15,413,182
16,400,185
17,409,185
18,398,188
19,407,182
20,399,186
21,408,181
22,400,185
23,425,193
24,412,192
25,424,222
26,408,221
27,426,250
28,406,249
29,427,255
30,408,253
31,417,259
32,400,259
0,409,138
1,411,136
2,411,136
3,412,136
4,409,136
5,409,136
6,408,137
7,416,139
8,410,139
9,410,140
10,408,141
11,427,153
12,403,157
13,430,172
14,402,174
15,410,178
16,401,178
17,405,180
18,401,181
19,404,176
20,401,179
21,406,176
22,402,178
23,424,191
24,411,190
25,424,220
26,408,219
27,426,248
28,406,247
29,428,253
30,408,251
31,418,256
32,399,257
0,409,138
1,411,136
2,411,136
3,413,136
4,409,136
5,409,136
6,408,136
7,416,139
8,409,139
9,410,140
10,408,140
11,427,153
12,403,156
13,428,172
14,402,173
15,408,175
16,404,172
17,403,174
18,404,174
19,402,173
20,405,172
21,404,173
22,405,171
23,424,191
24,411,190
25,422,218
26,408,218
27,426,247
28,406,246
29,428,251
30,408,250
31,418,255
32,399,256
0,409,138
1,411,136
2,412,136
3,413,136
4,409,136
5,409,136
6,408,136
7,416,139
8,409,139
9,410,140
10,408,140
11,427,152
12,403,156
13,427,172
14,401,173
15,408,173
16,406,171
17,403,173
18,408,172
19,402,171
20,408,170
21,404,171
22,408,170
23,423,191
24,411,191
25,422,218
26,408,218
27,426,246
28,406,245
29,428,251
30,408,250
31,418,254
32,399,255
0,409,137
1,411,135
2,412,135
3,413,135
4,409,135
5,409,135
6,408,135
7,416,138
8,409,138
9,410,139
10,408,139
11,426,152
12,403,155
13,425,170
14,398,170
15,405,172
16,395,173
17,400,172
18,394,176
19,399,169
20,395,174
21,401,169
22,396,173
23,423,190
24,411,190
25,422,218
26,408,218
27,427,246
28,406,245
29,428,251
30,408,249
31,418,254
32,400,254
0,409,137
1,411,136
2,412,136
3,413,136
4,409,136
5,409,136
6,408,136
7,416,138
8,410,138
9,411,140
10,408,140
11,426,152
12,403,155
13,421,168
14,398,168
15,403,167
16,393,170
17,398,167
18,391,171
19,397,165
20,392,170
21,399,165
22,394,169
23,423,190
24,410,190
25,421,218
26,408,217
27,426,246
28,406,245
29,428,251
30,409,249
31,418,254
32,399,254
0,409,137
1,411,136
2,412,136
3,413,136
4,409,136
5,409,136
6,409,136
7,416,138
8,410,138
9,411,140
10,408,140
11,426,152
12,403,154
13,417,165
14,395,164
15,399,160
16,390,169
17,395,159
18,387,171
19,395,156
20,387,168
21,396,157
22,391,169
23,422,190
24,410,190
25,420,218
26,407,217
27,426,246
28,407,245
29,428,251
30,409,249
31,418,255
32,400,254
0,411,138
1,413,137
2,414,137
3,415,137
4,411,136
5,411,136
6,410,137
7,417,140
8,412,139
9,412,140
10,410,140
11,425,152
12,404,154
13,414,162
14,393,165
15,398,153
16,390,161
17,394,150
18,388,159
19,394,148
20,389,157
21,396,150
22,391,158
23,422,190
24,410,191
25,419,218
26,407,217
27,426,246
28,407,245
29,428,251
30,409,249
31,418,255
32,400,254
0,411,138
1,413,137
2,414,137
3,415,138
4,412,137
5,411,137
6,411,137
7,418,140
8,412,139
9,413,141
10,410,140
11,425,152
12,405,154
13,413,162
14,393,165
15,398,153
16,390,160
17,393,150
18,388,158
19,394,148
20,389,157
21,396,149
22,391,157
23,422,190
24,410,191
25,419,218
26,406,217
27,426,245
28,407,245
29,429,251
30,409,249
31,418,254
32,399,254
0,411,138
1,413,137
2,414,137
3,415,138
4,412,137
5,411,137
6,411,137
7,418,140
8,412,139
9,413,141
10,410,140
11,425,153
12,405,155
13,414,157
14,389,164
15,399,146
16,391,148
17,395,143
18,390,143
19,396,141
20,392,142
21,397,142
22,393,144
23,421,191
24,410,192
25,418,218
26,406,217
27,426,245
28,407,245
29,429,250
30,409,249
31,418,254
32,399,254
0,411,139
1,413,138
2,414,138
3,415,138
4,412,138
5,411,138
6,411,138
7,418,141
8,412,140
9,413,142
10,410,142
11,424,153
12,405,155
13,416,154
14,387,160
15,400,139
16,392,142
17,397,135
18,391,136
19,399,135
20,392,135
21,400,136
22,394,137
23,421,191
24,410,193
25,416,218
26,405,217
27,426,244
28,407,245
29,429,249
30,410,249
31,418,254
32,400,254
0,412,140
1,414,138
2,414,138
3,415,139
4,412,138
5,412,138
6,411,138
7,418,141
8,413,140
9,413,143
10,411,143
11,425,153
12,405,155
13,415,150
14,387,156
15,402,134
16,392,137
17,401,129
18,394,132
19,402,129
20,395,132
21,403,131
22,396,134
23,421,191
24,409,193
25,416,219
26,405,218
27,426,243
28,408,245
29,429,248
30,411,249
31,419,254
32,400,254
0,412,141
1,414,139
2,415,139
3,415,139
4,412,139
5,412,138
6,411,138
7,418,141
8,413,140
9,414,143
10,411,143
11,425,153
12,405,155
13,416,152
14,388,151
15,407,133
16,397,133
17,406,128
18,400,129
19,408,128
20,401,129
21,408,130
22,400,131
23,420,192
24,408,193
25,416,219
26,404,218
27,426,243
28,408,244
29,429,248
30,411,249
31,420,254
32,401,253
0,412,141
1,414,139
2,414,139
3,415,139
4,412,138
5,412,138
6,411,138
7,418,141
8,412,140
9,414,143
10,412,143
11,425,153
12,405,154
13,416,151
14,388,151
15,408,132
16,398,133
17,407,127
18,401,129
19,408,127
20,401,129
21,409,129
22,401,131
23,420,192
24,408,193
25,416,220
26,403,218
27,426,243
28,408,244
29,429,248
30,411,248
31,420,254
32,401,253
0,412,140
1,413,138
2,414,138
3,414,138
4,411,138
5,411,137
6,410,137
7,417,140
8,412,139
9,414,143
10,412,143
11,424,152
12,406,153
13,414,149
14,389,146
15,410,131
16,403,130
17,409,126
18,405,125
19,411,127
20,407,125
21,411,129
22,406,127
23,420,192
24,408,193
25,416,220
26,403,218
27,426,244
28,408,244
29,429,248
30,411,248
31,420,254
32,402,253
0,411,139
1,412,137
2,413,137
3,414,137
4,411,136
5,411,136
6,410,136
7,417,139
8,412,138
9,414,142
10,411,142
11,424,151
12,406,152
13,414,148
14,389,141
15,413,131
16,406,127
17,413,126
18,409,122
19,414,127
20,410,122
21,413,128
22,410,124
23,420,192
24,408,193
25,416,220
26,403,218
27,426,244
28,408,244
29,430,248
30,411,248
31,421,254
32,402,253
0,411,138
1,412,135
2,412,135
3,413,135
4,410,135
5,410,135
6,410,135
7,416,137
8,411,137
9,413,141
10,411,141
11,424,149
12,406,150
13,412,144
14,390,137
15,413,127
16,408,124
17,413,121
18,411,119
19,414,121
20,412,119
21,414,123
22,411,120
23,420,191
24,408,192
25,416,220
26,402,218
27,427,244
28,408,244
29,430,248
30,411,248
31,421,254
32,403,253
0,411,137
1,412,134
2,412,134
3,413,134
4,410,133
5,410,133
6,410,133
7,416,135
8,411,135
9,413,139
10,411,139
11,424,146
12,406,148
13,412,138
14,392,134
15,412,122
16,408,120
17,413,116
18,411,115
19,413,117
20,412,115
21,413,119
22,411,117
23,420,190
24,408,190
25,417,218
26,402,217
27,427,243
28,408,243
29,430,248
30,411,247
31,421,254
32,403,253
0,411,136
1,412,133
2,412,133
3,413,132
4,410,133
5,410,132
6,410,132
7,416,134
8,411,134
9,413,138
10,411,138
11,424,144
12,407,146
13,413,137
14,392,133
15,413,124
16,408,119
17,413,119
18,411,115
19,413,119
20,412,115
21,413,121
22,411,116
23,420,189
24,408,189
25,417,218
26,402,217
27,427,243
28,408,243
29,430,248
30,411,247
31,421,254
32,404,253
0,411,133
1,412,130
2,413,130
3,413,130
4,411,130
5,410,130
6,410,130
7,416,131
8,411,132
9,413,135
10,411,135
11,424,143
12,406,145
13,413,132
14,393,132
15,412,117
16,406,115
17,412,112
18,409,111
19,412,112
20,410,110
21,412,114
22,410,113
23,420,187
24,408,187
25,418,216
26,402,215
27,427,243
28,408,243
29,430,247
30,411,246
31,421,254
32,404,253
0,411,134
1,412,131
2,412,131
3,413,131
4,411,131
5,411,131
6,411,131
7,414,132
8,412,132
9,413,135
10,412,135
11,423,142
12,409,144
13,412,128
14,394,130
15,410,113
16,406,113
17,409,108
18,408,108
19,410,108
20,409,107
21,410,110
22,408,110
23,419,186
24,408,185
25,418,215
26,403,214
27,427,243
28,408,242
29,428,247
30,410,246
31,421,254
32,405,253
0,413,131
1,414,129
2,415,129
3,415,129
4,413,129
5,413,129
6,412,129
7,417,131
8,413,131
9,415,133
10,413,133
11,423,140
12,408,142
13,416,127
14,394,127
15,409,107
16,402,107
17,406,102
18,402,102
19,407,101
20,404,101
21,408,103
22,404,104
23,419,184
24,408,184
25,419,214
26,403,214
27,426,243
28,407,242
29,427,248
30,409,246
31,421,255
32,404,255
0,415,130
1,416,129
2,416,129
3,417,129
4,414,129
5,414,129
6,414,129
7,418,131
8,414,131
9,416,132
10,414,132
11,424,139
12,408,141
13,416,124
14,394,123
15,405,103
16,394,103
17,402,98
18,395,96
19,403,98
20,397,96
21,403,99
22,397,99
23,419,183
24,407,183
25,419,213
26,403,213
27,426,243
28,405,243
29,427,247
30,407,246
31,421,255
32,404,255
0,415,131
1,415,130
2,416,130
3,416,130
4,416,130
5,416,130
6,416,130
7,416,131
8,417,131
9,415,133
10,415,133
11,411,139
12,420,139
13,398,122
14,410,121
15,398,102
16,396,101
17,397,97
18,397,96
19,399,97
20,399,96
21,399,99
22,399,98
23,415,182
24,413,182
25,412,212
26,409,212
27,419,244
28,409,242
29,420,247
30,410,246
31,412,255
32,407,252
0,415,132
1,415,130
2,414,131
3,414,131
4,415,130
5,415,130
6,415,130
7,413,132
8,416,131
9,415,134
10,415,134
11,410,139
12,420,137
13,398,123
14,409,117
15,391,104
16,396,101
17,387,101
18,391,98
19,387,100
20,388,98
21,390,101
22,390,99
23,413,183
24,413,183
25,410,212
26,409,212
27,415,244
28,411,242
29,417,246
30,413,246
31,408,255
32,409,253
0,413,132
1,414,131
2,414,131
3,414,131
4,413,130
5,413,130
6,413,130
7,414,132
8,414,131
9,414,134
10,413,134
11,421,139
12,410,139
13,408,126
14,408,122
15,394,106
16,390,106
17,392,102
18,387,104
19,394,102
20,387,103
21,396,103
22,389,104
23,415,184
24,409,183
25,412,212
26,405,212
27,416,244
28,403,243
29,419,248
30,405,247
31,411,257
32,401,255
0,412,136
1,413,134
2,414,134
3,413,133
4,412,134
5,412,134
6,412,134
7,414,134
8,412,134
9,414,137
10,412,137
11,423,140
12,408,140
13,412,128
14,405,124
15,398,109
16,390,108
17,395,105
18,388,105
19,396,104
20,388,105
21,397,106
22,389,106
23,417,184
24,408,183
25,415,213
26,404,213
27,416,246
28,401,245
29,419,251
30,403,249
31,412,258
32,400,257
0,413,138
1,414,135
2,414,135
3,414,135
4,412,135
5,412,135
6,412,135
7,415,137
8,412,137
9,414,139
10,413,139
11,424,144
12,407,145
13,413,128
14,402,125
15,399,110
16,391,109
17,397,106
18,387,105
19,397,105
20,388,105
21,398,107
22,390,107
23,418,188
24,407,187
25,416,216
26,403,215
27,417,247
28,400,246
29,420,252
30,402,250
31,412,258
32,399,257
0,413,139
1,414,137
2,414,137
3,414,137
4,413,137
5,413,136
6,413,136
7,415,138
8,414,138
9,414,141
10,413,141
11,423,145
12,408,146
13,410,128
14,402,126
15,398,111
16,392,110
17,394,106
18,389,106
19,395,106
20,390,106
21,396,108
22,391,108
23,418,189
24,408,188
25,417,217
26,403,216
27,417,248
28,400,246
29,422,253
30,402,251
31,411,258
32,398,257
0,413,140
1,414,138
2,414,138
3,415,138
4,413,138
5,413,138
6,413,138
7,417,140
8,414,140
9,414,142
10,413,142
11,425,148
12,408,151
13,413,133
14,398,132
15,400,114
16,392,114
17,397,109
18,389,111
19,397,108
20,390,110
21,398,110
22,392,111
23,419,192
24,408,191
25,417,219
26,402,218
27,418,250
28,401,248
29,423,255
30,402,252
31,412,259
32,398,257
0,413,141
1,414,139
2,415,139
3,415,139
4,414,138
5,414,138
6,413,138
7,418,140
8,414,140
9,415,143
10,414,143
11,426,151
12,408,153
13,416,138
14,394,140
15,402,120
16,392,122
17,399,115
18,390,119
19,400,115
20,391,118
21,400,117
22,392,119
23,421,194
24,408,193
25,418,222
26,402,220
27,418,250
28,401,248
29,424,255
30,403,252
31,411,259
32,398,257
0,414,141
1,416,139
2,417,139
3,418,139
4,415,139
5,415,139
6,414,139
7,421,141
8,416,141
9,416,144
10,414,144
11,428,153
12,409,155
13,419,146
14,392,146
15,407,128
16,393,128
17,403,122
18,393,124
19,404,122
20,394,123
21,404,124
22,394,124
23,421,196
24,409,195
25,418,222
26,402,221
27,420,250
28,401,248
29,424,255
30,403,253
31,412,259
32,398,258
0,415,142
1,417,140
2,418,140
3,418,141
4,415,140
5,415,140
6,415,140
7,422,143
8,416,142
9,417,145
10,414,145
11,429,155
12,410,156
13,420,154
14,392,153
15,410,136
16,395,135
17,408,130
18,395,130
19,408,129
20,396,129
21,408,130
22,397,131
23,423,196
24,410,196
25,419,222
26,403,221
27,421,250
28,401,248
29,424,255
30,403,253
31,412,259
32,397,258
0,415,142
1,417,140
2,418,140
3,419,141
4,416,140
5,416,140
6,415,140
7,422,143
8,417,142
9,417,145
10,415,144
11,429,155
12,410,156
13,421,154
14,392,154
15,410,135
16,396,135
17,409,130
18,396,131
19,409,129
20,398,131
21,409,131
22,399,132
23,423,196
24,411,196
25,419,222
26,404,220
27,421,250
28,401,248
29,424,256
30,403,252
31,412,259
32,398,258
0,416,144
1,418,142
2,419,142
3,420,142
4,416,142
5,416,142
6,415,142
7,423,143
8,417,143
9,418,146
10,416,146
11,431,155
12,410,157
13,422,162
14,393,160
15,413,143
16,398,143
17,411,138
18,398,138
19,412,136
20,399,137
21,412,138
22,400,139
23,425,195
24,412,195
25,420,222
26,406,220
27,422,250
28,402,248
29,425,255
30,403,252
31,412,259
32,398,257
0,418,142
1,420,141
2,421,141
3,422,141
4,418,141
5,418,141
6,417,141
7,425,143
8,417,143
9,420,144
10,417,144
11,432,154
12,410,156
13,425,166
14,396,167
15,413,149
16,399,151
17,411,144
18,398,146
19,411,143
20,399,145
21,412,144
22,400,147
23,425,194
24,412,195
25,421,222
26,407,220
27,422,250
28,404,247
29,425,255
30,405,251
31,413,259
32,399,257
0,420,139
1,422,138
2,423,138
3,424,139
4,420,138
5,419,138
6,418,138
7,426,142
8,419,141
9,421,141
10,418,141
11,433,154
12,410,156
13,432,172
14,401,175
15,419,165
16,399,162
17,413,164
18,398,159
19,414,162
20,399,157
21,415,162
22,400,158
23,425,193
24,413,193
25,422,221
26,409,220
27,423,250
28,406,246
29,425,255
30,408,250
31,415,258
32,401,257
0,420,138
1,422,137
2,423,137
3,424,138
4,420,137
5,420,137
6,419,137
7,426,142
8,420,141
9,422,140
10,419,140
11,433,155
12,411,156
13,434,173
14,406,174
15,421,174
16,399,173
17,417,178
18,397,174
19,416,174
20,396,173
21,417,173
22,398,173
23,426,193
24,414,193
25,423,221
26,410,220
27,423,250
28,409,246
29,425,255
30,412,251
31,414,258
32,403,256
0,421,138
1,423,137
2,424,137
3,424,137
4,421,137
5,420,137
6,420,137
7,426,142
8,420,140
9,422,141
10,419,140
11,434,155
12,411,156
13,434,173
14,406,174
15,421,176
16,402,177
17,417,179
18,400,179
19,416,176
20,399,177
21,417,175
22,401,176
23,426,193
24,414,193
25,424,221
26,411,220
27,423,250
28,410,246
29,425,255
30,413,251
31,417,259
32,404,256
0,421,138
1,423,137
2,424,137
3,425,137
4,421,137
5,421,137
6,420,137
7,426,141
8,420,140
9,423,141
10,420,140
11,435,157
12,411,157
13,434,175
14,406,178
15,424,190
16,395,189
17,423,195
18,391,192
19,420,194
20,389,192
21,420,193
22,391,190
23,426,193
24,414,193
25,424,221
26,412,221
27,423,251
28,414,247
29,425,256
30,417,251
31,418,260
32,407,256
0,422,138
1,423,137
2,424,137
3,425,138
4,422,137
5,421,137
6,421,137
7,427,141
8,421,141
9,423,141
10,421,141
11,435,157
12,412,157
13,435,176
14,408,176
15,430,193
16,401,191
17,430,198
18,399,196
19,429,198
20,398,196
21,428,197
22,399,194
23,426,193
24,414,193
25,424,221
26,413,221
27,423,250
28,417,247
29,425,256
30,420,251
31,418,259
32,410,256
0,422,139
1,424,137
2,425,138
3,426,138
4,422,137
5,422,137
6,421,138
7,427,141
8,421,141
9,424,142
10,421,142
11,435,158
12,412,158
13,436,177
14,410,177
15,437,194
16,407,192
17,437,198
18,405,196
19,436,199
20,404,196
21,436,197
22,406,194
23,427,193
24,416,193
25,425,221
26,415,220
27,424,249
28,420,246
29,425,255
30,423,250
31,419,258
32,414,256
0,422,139
1,424,137
2,425,138
3,426,138
4,422,137
5,422,138
6,421,138
7,428,141
8,421,141
9,424,142
10,421,142
11,436,158
12,413,158
13,441,177
14,413,177
15,447,194
16,410,192
17,450,199
18,407,195
19,450,200
20,405,195
21,448,198
22,409,193
23,428,194
24,417,194
25,425,221
26,417,221
27,425,249
28,424,246
29,426,254
30,427,250
31,420,257
32,418,256
0,422,139
1,424,138
2,425,138
3,425,138
4,422,138
5,422,138
6,421,138
7,427,141
8,421,141
9,423,142
10,421,142
11,436,158
12,413,158
13,442,177
14,413,176
15,448,194
16,411,192
17,451,199
18,410,196
19,450,199
20,407,196
21,449,198
22,410,194
23,428,194
24,418,194
25,425,220
26,417,221
27,425,249
28,425,246
29,426,254
30,427,249
31,420,257
32,419,255
0,422,140
1,423,138
2,424,138
3,425,138
4,422,138
5,421,138
6,421,138
7,427,141
8,421,141
9,423,143
10,421,142
11,437,158
12,413,158
13,446,176
14,415,176
15,452,193
16,416,192
17,454,199
18,414,197
19,453,200
20,414,196
21,452,198
22,415,195
23,429,194
24,419,194
25,425,220
26,420,221
27,425,249
28,429,244
29,426,254
30,433,246
31,418,257
32,425,252
0,422,140
1,423,138
2,424,138
3,425,139
4,422,138
5,422,138
6,421,138
7,427,141
8,422,141
9,423,143
10,421,142
11,437,158
12,414,158
13,448,175
14,416,176
15,455,189
16,418,191
17,458,192
18,416,196
19,456,195
20,416,196
21,456,192
22,416,195
23,430,194
24,421,194
25,425,220
26,422,220
27,425,249
28,432,243
29,426,254
30,437,244
31,418,257
32,428,252
0,422,140
1,424,138
2,424,138
3,425,139
4,422,138
5,422,138
6,422,138
7,428,141
8,422,141
9,423,143
10,421,142
11,438,157
12,415,158
13,450,173
14,419,175
15,457,186
16,421,191
17,461,190
18,420,196
19,460,190
20,420,195
21,458,189
22,419,195
23,431,194
24,422,194
25,426,220
26,424,220
27,425,250
28,436,242
29,426,255
30,442,243
31,417,257
32,433,252
0,423,140
1,424,138
2,425,138
3,426,139
4,423,138
5,422,138
6,422,138
7,428,141
8,423,141
9,424,143
10,422,142
11,438,157
12,416,158
13,452,172
14,419,175
15,460,186
16,420,192
17,462,191
18,420,196
19,460,193
20,420,196
21,461,191
22,421,194
23,432,194
24,423,194
25,427,220
26,426,220
27,425,250
28,440,242
29,425,255
30,445,243
31,417,257
32,436,253
0,423,140
1,425,138
2,425,139
3,426,139
4,423,138
5,423,138
6,422,138
7,429,141
8,423,141
9,424,143
10,422,142
11,438,156
12,417,158
13,452,171
14,419,175
15,460,186
16,420,191
17,462,191
18,419,196
19,461,193
20,421,196
21,459,191
22,421,194
23,433,193
24,423,194
25,428,221
26,425,221
27,425,251
28,440,242
29,425,256
30,446,243
31,416,258
32,436,253
0,423,140
1,425,139
2,425,139
3,426,139
4,423,139
5,423,139
6,423,139
7,429,142
8,424,141
9,424,143
10,422,143
11,439,156
12,418,158
13,453,170
14,421,175
15,463,186
16,422,190
17,465,190
18,421,195
19,464,192
20,423,194
21,463,191
22,423,193
23,434,193
24,425,194
25,430,221
26,429,221
27,425,251
28,443,242
29,425,256
30,448,245
31,416,258
32,435,253
0,423,141
1,425,139
2,426,139
3,427,139
4,424,139
5,424,139
6,423,139
7,430,142
8,425,141
9,425,143
10,423,143
11,439,156
12,419,158
13,454,170
14,422,175
15,464,186
16,425,191
17,467,190
18,425,195
19,467,191
20,426,195
21,464,188
22,426,194
23,436,193
24,427,194
25,432,221
26,432,221
27,425,251
28,445,244
29,426,256
30,450,248
31,416,258
32,437,253
0,424,141
1,426,139
2,427,139
3,428,139
4,425,139
5,424,139
6,424,139
7,431,142
8,426,142
9,425,143
10,423,143
11,440,157
12,420,158
13,454,171
14,424,175
15,464,187
16,426,190
17,467,190
18,426,194
19,466,192
20,427,194
21,465,190
22,427,193
23,438,193
24,428,194
25,434,221
26,434,221
27,425,251
28,446,245
29,426,256
30,451,250
31,416,257
32,439,254
0,424,141
1,427,139
2,428,140
3,428,140
4,425,140
5,425,140
6,425,140
7,431,142
8,426,142
9,426,144
10,424,144
11,441,157
12,420,159
13,454,172
14,425,175
15,464,187
16,426,190
17,467,190
18,425,196
19,466,192
20,427,194
21,465,190
22,427,193
23,439,192
24,429,194
25,435,221
26,434,221
27,426,251
28,447,245
29,426,256
30,451,250
31,416,257
32,440,254
0,425,142
1,427,140
2,428,140
3,429,140
4,425,140
5,425,140
6,425,140
7,432,143
8,427,143
9,426,145
10,424,145
11,441,158
12,421,159
13,454,173
14,426,176
15,462,188
16,428,191
17,465,193
18,427,197
19,463,194
20,427,197
21,462,193
22,429,194
23,440,193
24,430,194
25,436,222
26,435,222
27,426,251
28,447,246
29,426,256
30,451,250
31,416,256
32,438,254
0,425,143
1,428,141
2,428,141
3,429,141
4,426,141
5,426,141
6,425,141
7,432,143
8,427,143
9,427,145
10,425,145
11,442,158
12,422,160
13,454,174
14,427,177
15,461,190
16,429,193
17,464,195
18,429,197
19,462,196
20,429,197
21,461,194
22,429,195
23,441,193
24,431,195
25,437,222
26,436,222
27,427,251
28,447,246
29,427,256
30,452,251
31,417,254
32,439,254
0,427,142
1,429,141
2,430,141
3,431,141
4,427,141
5,427,141
6,426,141
7,433,143
8,428,143
9,428,145
10,426,145
11,443,158
12,423,160
13,453,175
14,427,177
15,460,192
16,428,192
17,463,196
18,428,197
19,461,197
20,428,197
21,460,196
22,429,195
23,442,193
24,433,195
25,437,222
26,438,222
27,428,250
28,447,247
29,429,256
30,452,251
31,418,253
32,439,255
0,427,143
1,430,141
2,430,141
3,431,141
4,428,141
5,427,141
6,427,141
7,434,143
8,428,143
9,429,145
10,427,145
11,444,159
12,424,160
13,453,177
14,428,178
15,460,197
16,428,194
17,462,202
18,427,199
19,461,203
20,428,199
21,460,201
22,429,196
23,444,193
24,434,195
25,440,221
26,440,222
27,430,249
28,448,247
29,430,254
30,452,252
31,421,253
32,440,255
0,428,143
1,430,141
2,431,141
3,432,141
4,428,141
5,427,141
6,427,141
7,434,143
8,428,143
9,429,145
10,427,145
11,444,159
12,425,161
13,453,177
14,428,178
15,460,196
16,429,195
17,462,202
18,429,200
19,461,203
20,429,199
21,460,201
22,429,197
23,444,193
24,434,195
25,440,221
26,440,222
27,430,249
28,448,248
29,430,254
30,452,252
31,421,254
32,440,256
0,428,143
1,430,141
2,431,141
3,432,141
4,428,141
5,428,141
6,428,141
7,435,143
8,429,143
9,430,145
10,427,145
11,446,159
12,425,161
13,453,177
14,428,179
15,459,195
16,428,197
17,461,200
18,427,203
19,459,201
20,428,203
21,458,199
22,429,201
23,446,193
24,435,195
25,440,221
26,441,222
27,432,249
28,449,248
29,431,253
30,453,253
31,424,254
32,441,256
0,428,144
1,430,141
2,431,141
3,432,141
4,429,141
5,428,142
6,428,142
7,435,143
8,430,143
9,430,146
10,428,146
11,447,158
12,427,161
13,453,178
14,428,179
15,459,195
16,427,198
17,460,199
18,427,204
19,459,200
20,428,204
21,458,198
22,428,202
23,446,193
24,436,194
25,440,221
26,442,222
27,434,248
28,450,248
29,434,253
30,454,253
31,426,254
32,441,256
0,429,143
1,431,141
2,432,141
3,433,141
4,430,141
5,429,141
6,429,141
7,436,143
8,431,143
9,431,145
10,429,146
11,448,157
12,428,160
13,453,177
14,428,179
15,458,194
16,427,197
17,460,199
18,426,203
19,459,200
20,427,203
21,458,198
22,427,201
23,446,193
24,437,194
25,440,220
26,443,221
27,437,248
28,450,248
29,437,253
30,454,253
31,427,255
32,441,256
0,430,142
1,432,140
2,433,140
3,434,140
4,430,140
5,430,140
6,430,140
7,437,141
8,432,142
9,432,145
10,430,145
11,448,156
12,430,159
13,452,177
14,430,178
15,456,194
16,427,196
17,452,200
18,425,200
19,449,201
20,425,200
21,449,199
22,426,199
23,447,191
24,438,192
25,444,219
26,442,220
27,444,248
28,448,248
29,445,253
30,451,253
31,437,255
32,436,255
0,430,142
1,432,139
2,433,139
3,434,139
4,431,140
5,430,140
6,430,140
7,438,141
8,432,141
9,432,144
10,430,144
11,448,155
12,430,159
13,449,177
14,430,178
15,437,194
16,426,195
17,434,200
18,425,200
19,432,200
20,425,200
21,433,198
22,425,199
23,447,190
24,438,191
25,443,219
26,442,219
27,441,248
28,448,247
29,444,253
30,451,253
31,434,255
32,436,255
0,431,141
1,433,139
2,434,139
3,435,139
4,431,139
5,431,139
6,431,139
7,438,140
8,433,141
9,433,144
10,431,144
11,448,155
12,431,159
13,448,175
14,431,178
15,444,194
16,424,194
17,444,199
18,422,196
19,442,200
20,421,196
21,442,198
22,423,195
23,447,190
24,438,190
25,444,219
26,443,218
27,446,248
28,448,247
29,448,254
30,451,253
31,437,255
32,436,254
0,432,141
1,434,139
2,435,139
3,436,138
4,432,139
5,432,139
6,432,139
7,439,140
8,434,141
9,434,143
10,432,144
11,448,154
12,433,159
13,447,174
14,433,178
15,429,185
16,425,188
17,426,189
18,422,192
19,424,188
20,421,190
21,425,186
22,423,189
23,448,189
24,441,190
25,443,219
26,444,218
27,448,248
28,448,247
29,452,253
30,451,253
31,439,255
32,438,254
0,433,140
1,434,138
2,435,138
3,436,138
4,433,139
5,433,139
6,432,139
7,440,140
8,435,140
9,434,143
10,432,143
11,448,153
12,434,158
13,447,172
14,434,176
15,427,180
16,425,184
17,423,183
18,422,188
19,421,181
20,421,186
21,423,180
22,422,184
23,449,189
24,442,190
25,445,218
26,445,218
27,450,247
28,449,246
29,455,253
30,453,252
31,441,255
32,440,254
