0,320,134,-0.33733487129211426
1,321,131,-0.3259298801422119
2,322,131,-0.3259187936782837
3,322,131,-0.32598668336868286
4,318,132,-0.32819053530693054
5,318,132,-0.3282606899738312
6,317,132,-0.3282829523086548
7,323,133,-0.2373245656490326
8,316,134,-0.24754072725772858
9,321,136,-0.3024161458015442
10,319,137,-0.30555853247642517
11,335,148,-0.17122037708759308
12,305,148,-0.19058629870414734
13,352,162,-0.19017904996871948
14,296,162,-0.3088388442993164
15,369,166,-0.26326724886894226
16,300,151,-0.47068923711776733
17,374,167,-0.2804912030696869
18,300,149,-0.5044836401939392
19,376,166,-0.29547837376594543
20,302,145,-0.5022168755531311
21,373,167,-0.2716478109359741
22,301,146,-0.474273681640625
23,338,187,-0.010480089113116264
24,322,191,0.010450504720211029
25,352,217,-0.07105251401662827
26,329,217,0.12636567652225494
27,364,244,0.036878395825624466
28,338,220,0.4307381808757782
29,366,249,0.04273524507880211
30,340,218,0.46030622720718384
31,363,255,-0.056016627699136734
32,342,233,0.41928622126579285
0,319,134,-0.33475226163864136
1,321,131,-0.3231741487979889
2,322,131,-0.32317301630973816
3,322,131,-0.3232349157333374
4,318,131,-0.3237167000770569
5,318,132,-0.32376062870025635
6,317,132,-0.3237607181072235
7,324,133,-0.23537613451480865
8,316,134,-0.23655760288238525
9,321,136,-0.30077454447746277
10,318,137,-0.3016069829463959
11,335,148,-0.18118344247341156
12,305,148,-0.17087985575199127
13,352,162,-0.3073995113372803
14,295,162,-0.29192453622817993
15,347,161,-0.48584210872650146
16,299,152,-0.47010868787765503
17,345,160,-0.5251414775848389
18,299,150,-0.5043668746948242
19,344,157,-0.5188037753105164
20,301,148,-0.5006763339042664
21,344,158,-0.48774251341819763
22,301,149,-0.4730556607246399
23,339,187,-0.013290051370859146
24,321,191,0.013264392502605915
25,352,216,-0.16169731318950653
26,328,217,0.12452591955661774
27,364,244,-0.06443553417921066
28,339,220,0.44718918204307556
29,366,249,-0.06066110357642174
30,340,218,0.4774564504623413
31,363,255,-0.1826772540807724
32,342,233,0.42749902606010437
0,319,134,-0.33959445357322693
1,321,131,-0.3277135491371155
2,322,131,-0.32771649956703186
3,322,131,-0.3277776837348938
4,318,131,-0.3273387849330902
5,318,132,-0.3273707330226898
6,317,132,-0.3273588716983795
7,324,133,-0.2389368712902069
8,316,133,-0.23903031647205353
9,321,136,-0.3055971562862396
10,318,137,-0.3051740527153015
11,335,148,-0.18798714876174927
12,306,148,-0.17353631556034088
13,351,162,-0.3147067427635193
14,295,162,-0.29389336705207825
15,347,160,-0.492464154958725
16,299,152,-0.4719403386116028
17,346,158,-0.5317180752754211
18,299,150,-0.5066595077514648
19,345,155,-0.5261598825454712
20,301,148,-0.5019732713699341
21,344,156,-0.49480825662612915
22,301,150,-0.4744948446750641
23,339,187,-0.014645946212112904
24,321,191,0.01462644338607788
25,352,216,-0.16844458878040314
26,328,218,0.125434011220932
27,364,244,-0.07027027010917664
28,339,220,0.4604703187942505
29,366,249,-0.06660542637109756
30,340,218,0.4913736879825592
31,363,255,-0.19046764075756073
32,342,233,0.4399745762348175
0,319,134,-0.345039963722229
1,321,131,-0.33314064145088196
2,322,131,-0.33314377069473267
3,322,131,-0.33320721983909607
4,318,131,-0.33296942710876465
5,318,131,-0.33300653100013733
6,317,132,-0.33299654722213745
7,324,133,-0.24349887669086456
8,316,133,-0.24093933403491974
9,321,136,-0.31068190932273865
10,318,137,-0.31046849489212036
11,335,149,-0.19163112342357635
12,306,148,-0.1763812154531479
13,351,163,-0.315522164106369
14,295,162,-0.2960537374019623
15,348,160,-0.4933202862739563
16,299,154,-0.4768534004688263
17,347,159,-0.532707691192627
18,299,151,-0.5121631622314453
19,346,156,-0.5282421112060547
20,300,150,-0.5079575181007385
21,345,157,-0.4960961639881134
22,301,151,-0.47966912388801575
23,339,187,-0.01529562659561634
24,321,191,0.015280627645552158
25,352,216,-0.16649186611175537
26,328,218,0.1265530288219452
27,364,244,-0.06733585894107819
28,339,220,0.4634821116924286
29,366,249,-0.06366920471191406
30,340,218,0.4944300055503845
31,363,255,-0.1880185753107071
32,342,233,0.44326281547546387
0,319,134,-0.3474498689174652
1,321,131,-0.33559098839759827
2,322,131,-0.33559349179267883
3,323,131,-0.3356580138206482
4,318,131,-0.33552277088165283
5,317,131,-0.3355633020401001
6,317,132,-0.33555564284324646
7,324,133,-0.24580854177474976
8,316,133,-0.2428225874900818
9,321,136,-0.312991201877594
10,318,137,-0.31287920475006104
11,335,149,-0.19363772869110107
12,306,148,-0.17725379765033722
13,351,163,-0.3189908564090729
14,295,162,-0.2963674068450928
15,348,160,-0.4974481463432312
16,298,154,-0.4774600863456726
17,347,159,-0.5370413064956665
18,299,152,-0.51261305809021
19,345,156,-0.531982421875
20,300,150,-0.5086880922317505
21,345,157,-0.4999556243419647
22,301,152,-0.48038581013679504
23,339,187,-0.015811633318662643
24,321,191,0.01579912379384041
25,352,216,-0.17060011625289917
26,328,218,0.12739886343479156
27,364,244,-0.07166299223899841
28,339,220,0.4648861289024353
29,366,249,-0.06808892637491226
30,340,218,0.49583593010902405
31,363,255,-0.19349472224712372
32,343,233,0.4443117380142212
0,319,134,-0.27897948026657104
1,321,131,-0.26813316345214844
2,322,131,-0.2681348919868469
3,323,131,-0.26819026470184326
4,318,131,-0.2676299810409546
5,317,131,-0.2676682472229004
6,317,132,-0.26768019795417786
7,324,133,-0.19014185667037964
8,316,133,-0.1864764243364334
9,321,136,-0.2489818036556244
10,318,137,-0.24823696911334991
11,335,149,-0.15361259877681732
12,306,148,-0.12992866337299347
13,351,163,-0.28115594387054443
14,295,162,-0.2436416745185852
15,337,158,-0.43965038657188416
16,299,154,-0.40901094675064087
17,334,157,-0.4746702015399933
18,299,152,-0.4405020475387573
19,333,154,-0.46560949087142944
20,300,150,-0.4355461299419403
21,333,155,-0.43957436084747314
22,300,151,-0.41125133633613586
23,339,187,-0.015476749278604984
24,321,191,0.015460951253771782
25,352,216,-0.1560543030500412
26,328,218,0.11143236607313156
27,364,243,-0.06848622858524323
28,339,220,0.41394951939582825
29,366,249,-0.06473849713802338
30,341,218,0.44227126240730286
31,363,255,-0.1768619567155838
32,343,233,0.3993750214576721
0,319,134,-0.32284465432167053
1,321,131,-0.3114055097103119
2,322,131,-0.31140756607055664
3,323,131,-0.3114631772041321
4,318,131,-0.30889490246772766
5,317,131,-0.3089231252670288
6,317,132,-0.30890604853630066
7,324,133,-0.22759193181991577
8,316,133,-0.20979970693588257
9,321,136,-0.2913063168525696
10,317,137,-0.28803983330726624
11,335,149,-0.1846925914287567
12,306,148,-0.14771156013011932
13,351,163,-0.31682005524635315
14,295,162,-0.26443377137184143
15,345,159,-0.49446070194244385
16,299,154,-0.45053619146347046
17,343,158,-0.5345263481140137
18,298,153,-0.4858022928237915
19,342,155,-0.5280536413192749
20,299,151,-0.48260021209716797
21,342,156,-0.49644312262535095
22,300,152,-0.4540068209171295
23,339,187,-0.016418619081377983
24,321,191,0.016399674117565155
25,352,216,-0.17007629573345184
26,328,218,0.1274224817752838
27,364,243,-0.07440990209579468
28,339,220,0.4611668884754181
29,366,249,-0.07103715091943741
30,341,218,0.4917442798614502
31,363,255,-0.1959179937839508
32,343,233,0.43975943326950073
0,319,133,-0.32147765159606934
1,320,131,-0.3099525272846222
2,321,131,-0.3099532425403595
3,322,131,-0.31000804901123047
4,318,131,-0.3084423542022705
5,317,131,-0.3084818720817566
6,317,131,-0.30847465991973877
7,324,133,-0.22609250247478485
8,316,133,-0.21754154562950134
9,321,136,-0.2897941470146179
10,317,137,-0.2877185344696045
11,335,149,-0.18320682644844055
12,306,148,-0.1532638818025589
13,351,163,-0.30999934673309326
14,295,162,-0.27047473192214966
15,346,159,-0.48814576864242554
16,298,154,-0.4546288251876831
17,344,157,-0.5275685787200928
18,296,153,-0.4894302785396576
19,343,154,-0.5218470692634583
20,297,151,-0.4861654043197632
21,343,155,-0.4903159737586975
22,298,153,-0.45803558826446533
23,339,187,-0.01664227619767189
24,321,191,0.01661347970366478
25,352,216,-0.16532182693481445
26,328,218,0.12716124951839447
27,364,243,-0.06793008744716644
28,339,220,0.45663216710090637
29,366,249,-0.06412409245967865
30,341,218,0.48701953887939453
31,363,255,-0.18591982126235962
32,343,233,0.43729522824287415
0,318,133,-0.3050791323184967
1,320,131,-0.2940070629119873
2,321,131,-0.2940068542957306
3,322,131,-0.2940618693828583
4,318,131,-0.29272738099098206
5,317,131,-0.2927698791027069
6,316,131,-0.292775958776474
7,324,133,-0.2133471667766571
8,316,133,-0.2063867300748825
9,321,136,-0.27439114451408386
10,317,137,-0.2726711332798004
11,335,149,-0.17492049932479858
12,306,148,-0.1443028748035431
13,351,163,-0.3023909032344818
14,295,162,-0.2613242566585541
15,340,159,-0.4746200442314148
16,298,155,-0.44246670603752136
17,337,157,-0.5123722553253174
18,296,154,-0.4763118326663971
19,336,154,-0.5032630562782288
20,297,153,-0.47323742508888245
21,336,155,-0.47474193572998047
22,298,154,-0.44603392481803894
23,339,187,-0.016413910314440727
24,321,191,0.01638457551598549
25,353,216,-0.1572115421295166
26,328,218,0.12031178176403046
27,364,243,-0.06291546672582626
28,339,220,0.43624550104141235
29,366,249,-0.05901874229311943
30,341,218,0.4654245376586914
31,363,255,-0.17787349224090576
32,343,233,0.4167318046092987
0,318,133,-0.3021463453769684
1,320,131,-0.29116660356521606
2,321,131,-0.2911664545536041
3,322,131,-0.2912224233150482
4,318,131,-0.2898825705051422
5,317,131,-0.289926141500473
6,316,131,-0.2899332344532013
7,324,132,-0.21095559000968933
8,316,133,-0.20404821634292603
9,320,136,-0.2715861201286316
10,317,137,-0.269881933927536
11,335,149,-0.17248906195163727
12,306,148,-0.14207367599010468
13,351,163,-0.3010515570640564
14,295,162,-0.2582034766674042
15,340,159,-0.4725523293018341
16,298,155,-0.43902871012687683
17,336,158,-0.5101844668388367
18,296,155,-0.47273024916648865
19,335,154,-0.5006580352783203
20,297,153,-0.4701143801212311
21,335,155,-0.472417950630188
22,298,155,-0.44283023476600647
23,339,187,-0.01629195548593998
24,321,191,0.016257738694548607
25,353,216,-0.15476901829242706
26,328,218,0.11855345219373703
27,364,243,-0.06210578605532646
28,339,220,0.4321371018886566
29,366,249,-0.05827838554978371
30,341,218,0.4612491726875305
31,363,255,-0.17647436261177063
32,343,233,0.41350045800209045
0,318,133,-0.29163113236427307
1,320,130,-0.2806401252746582
2,321,130,-0.28064101934432983
3,322,131,-0.2806953489780426
4,318,130,-0.2791263461112976
5,317,131,-0.279169499874115
6,316,131,-0.27918097376823425
7,324,132,-0.20245060324668884
8,316,133,-0.19451051950454712
9,320,135,-0.26196911931037903
10,317,136,-0.259976327419281
11,335,149,-0.16730022430419922
12,306,148,-0.13489249348640442
13,351,163,-0.2953558564186096
14,295,162,-0.24823875725269318
15,336,157,-0.459499716758728
16,298,156,-0.4242974817752838
17,333,157,-0.4958503246307373
18,296,155,-0.45714515447616577
19,331,154,-0.4866771399974823
20,297,154,-0.4546147286891937
21,332,155,-0.459233820438385
22,298,155,-0.42811042070388794
23,339,187,-0.016186483204364777
24,321,191,0.016152316704392433
25,353,216,-0.14657089114189148
26,328,218,0.11486317217350006
27,364,243,-0.061852455139160156
28,339,220,0.421389102935791
29,366,249,-0.05798161402344704
30,341,218,0.44997575879096985
31,363,255,-0.16940784454345703
32,343,233,0.40365588665008545
0,318,132,-0.29738736152648926
1,320,130,-0.2863817811012268
2,321,130,-0.2863830029964447
3,322,130,-0.28643807768821716
4,318,130,-0.28481072187423706
5,317,130,-0.2848540246486664
6,316,131,-0.28486356139183044
7,324,132,-0.20715878903865814
8,316,133,-0.19900955259799957
9,320,135,-0.26729464530944824
10,317,136,-0.26524004340171814
11,335,149,-0.169387087225914
12,306,148,-0.13781879842281342
13,351,163,-0.30017444491386414
14,295,162,-0.2516453266143799
15,336,157,-0.4654836356639862
16,296,157,-0.42989382147789
17,332,157,-0.5024429559707642
18,295,156,-0.46312063932418823
19,331,154,-0.4916032552719116
20,297,154,-0.4609202742576599
21,332,155,-0.4645141065120697
22,297,155,-0.43390724062919617
23,339,187,-0.016195381060242653
24,321,191,0.016151510179042816
25,353,216,-0.1446673721075058
26,328,218,0.11559638381004333
27,364,243,-0.06090953201055527
28,339,220,0.42438334226608276
29,366,249,-0.0570918507874012
30,341,218,0.45317161083221436
31,363,255,-0.16874299943447113
32,343,233,0.4062320291996002
0,318,132,-0.2997702956199646
1,320,130,-0.28870266675949097
2,321,130,-0.2887037992477417
3,322,130,-0.28875699639320374
4,318,130,-0.2872701585292816
5,317,130,-0.2873133718967438
6,316,131,-0.287323921918869
7,324,132,-0.20895548164844513
8,316,133,-0.20139789581298828
9,320,135,-0.2694784700870514
10,317,136,-0.2675890028476715
11,335,149,-0.17045171558856964
12,306,148,-0.13975128531455994
13,351,163,-0.3014410436153412
14,295,162,-0.256339967250824
15,336,157,-0.4696979522705078
16,296,157,-0.4364761710166931
17,332,157,-0.5070800185203552
18,295,156,-0.4700312912464142
19,331,154,-0.4963737428188324
20,296,154,-0.46739819645881653
21,332,155,-0.46891751885414124
22,297,155,-0.4402189552783966
23,339,187,-0.016142534092068672
24,321,191,0.016097042709589005
25,353,216,-0.1444012075662613
26,328,218,0.11597984284162521
27,364,243,-0.060634925961494446
28,339,220,0.42822781205177307
29,366,249,-0.05673820152878761
30,341,218,0.45737236738204956
31,363,255,-0.16663560271263123
32,343,233,0.4100084900856018
0,318,132,-0.2977707087993622
1,320,130,-0.28676044940948486
2,321,130,-0.2867612838745117
3,322,130,-0.2868131399154663
4,318,130,-0.2852570414543152
5,317,130,-0.2853003442287445
6,316,131,-0.2853122651576996
7,324,132,-0.20767992734909058
8,316,133,-0.19978061318397522
9,320,135,-0.2677593529224396
10,317,136,-0.26576483249664307
11,335,149,-0.17028838396072388
12,306,148,-0.1385667622089386
13,351,163,-0.29959070682525635
14,295,162,-0.25501614809036255
15,336,156,-0.4664166271686554
16,297,156,-0.43594151735305786
17,332,157,-0.5033730268478394
18,295,155,-0.4697355031967163
19,331,154,-0.4928877055644989
20,296,154,-0.4665890038013458
21,332,155,-0.46569007635116577
22,297,155,-0.43955713510513306
23,339,187,-0.01610272377729416
24,321,191,0.016057312488555908
25,353,216,-0.14340466260910034
26,328,218,0.11543992906808853
27,364,243,-0.05848119407892227
28,339,220,0.4278663098812103
29,366,249,-0.054518602788448334
30,341,218,0.45703303813934326
31,363,255,-0.16575762629508972
32,343,233,0.4097546339035034
0,318,132,-0.2918619215488434
1,320,130,-0.2811664342880249
2,321,130,-0.2811693251132965
3,322,130,-0.2812236249446869
4,317,130,-0.2796229124069214
5,317,130,-0.2796649634838104
6,316,131,-0.2796792984008789
7,324,132,-0.20367743074893951
8,316,133,-0.19558419287204742
9,320,135,-0.2623603045940399
10,317,136,-0.2603040635585785
11,335,149,-0.16801521182060242
12,306,148,-0.13550987839698792
13,350,163,-0.2975722551345825
14,295,162,-0.2492063343524933
15,335,156,-0.4624481201171875
16,297,156,-0.4260159134864807
17,331,157,-0.4990301728248596
18,295,155,-0.45927542448043823
19,330,153,-0.48934802412986755
20,296,153,-0.4559158980846405
21,331,154,-0.46203044056892395
22,297,155,-0.42946115136146545
23,339,187,-0.016008621081709862
24,321,191,0.015955038368701935
25,353,216,-0.1375972330570221
26,328,218,0.11261270195245743
27,364,243,-0.045249130576848984
28,339,220,0.4202559292316437
29,366,249,-0.040804944932460785
30,341,218,0.4490376114845276
31,363,255,-0.15239714086055756
32,343,233,0.4038676917552948
0,318,132,-0.2808927893638611
1,320,130,-0.2702195942401886
2,321,130,-0.2702248692512512
3,322,130,-0.2702793776988983
4,317,130,-0.26881641149520874
5,317,130,-0.26885637640953064
6,316,131,-0.2688736617565155
7,324,132,-0.1938002109527588
8,316,133,-0.18628032505512238
9,320,135,-0.2517736554145813
10,317,136,-0.24989324808120728
11,335,149,-0.15938416123390198
12,306,148,-0.12829606235027313
13,350,163,-0.2880730628967285
14,295,162,-0.23987792432308197
15,336,156,-0.45404261350631714
16,297,156,-0.4124297499656677
17,331,156,-0.490256667137146
18,296,155,-0.4449498951435089
19,330,153,-0.4785853624343872
20,297,153,-0.44114017486572266
21,331,154,-0.4526912569999695
22,297,155,-0.4155372679233551
23,339,187,-0.015884120017290115
24,321,191,0.015824545174837112
25,353,216,-0.13550052046775818
26,328,218,0.1111578717827797
27,364,244,-0.042286671698093414
28,339,220,0.4172624349594116
29,366,249,-0.0377843901515007
30,341,218,0.4460351765155792
31,363,255,-0.14872564375400543
32,343,233,0.40221118927001953
0,318,132,-0.28969651460647583
1,320,130,-0.2788154184818268
2,321,130,-0.2788179814815521
3,322,130,-0.2788735032081604
4,317,130,-0.27763864398002625
5,317,130,-0.2776810824871063
6,316,131,-0.2776944637298584
7,324,132,-0.2001795768737793
8,316,133,-0.193433478474617
9,320,135,-0.2596835196018219
10,317,136,-0.2581036686897278
11,335,149,-0.16276437044143677
12,306,148,-0.13371016085147858
13,350,163,-0.29373592138290405
14,295,162,-0.24765977263450623
15,337,156,-0.4665207266807556
16,297,156,-0.4147873818874359
17,332,157,-0.5042752623558044
18,296,155,-0.4470079243183136
19,331,153,-0.49464210867881775
20,297,154,-0.44371727108955383
21,332,154,-0.46633675694465637
22,297,155,-0.4170182943344116
23,339,187,-0.015860524028539658
24,321,191,0.015800433233380318
25,353,216,-0.1423792988061905
26,328,218,0.11574244499206543
27,364,244,-0.04992790147662163
28,339,220,0.4300015866756439
29,366,249,-0.04584512114524841
30,341,218,0.45943647623062134
31,363,255,-0.1612924486398697
32,343,233,0.4137151539325714
0,318,132,-0.29268980026245117
1,320,130,-0.2815931737422943
2,321,130,-0.28160372376441956
3,322,130,-0.2816556990146637
4,317,130,-0.2797362506389618
5,317,130,-0.27977174520492554
6,316,131,-0.27977558970451355
7,324,132,-0.20090492069721222
8,316,133,-0.19530780613422394
9,320,135,-0.2622315287590027
10,317,136,-0.25987839698791504
11,335,149,-0.1645132601261139
12,306,148,-0.13599157333374023
13,350,163,-0.2989548444747925
14,295,162,-0.2487739622592926
15,337,156,-0.4735739231109619
16,297,156,-0.4320102035999298
17,333,157,-0.5119432806968689
18,296,156,-0.4668733775615692
19,332,153,-0.503246009349823
20,297,154,-0.46437183022499084
21,333,154,-0.4739072322845459
22,297,155,-0.43572986125946045
23,339,187,-0.015845883637666702
24,321,191,0.015786446630954742
25,353,216,-0.14528751373291016
26,328,218,0.11926126480102539
27,364,244,-0.05128321051597595
28,339,220,0.43800970911979675
29,366,249,-0.04721961170434952
30,341,218,0.4677315652370453
31,363,255,-0.16441161930561066
32,343,233,0.42067673802375793
0,318,132,-0.29362574219703674
1,320,130,-0.28256481885910034
2,321,130,-0.28257161378860474
3,322,130,-0.2826237678527832
4,317,130,-0.2809378504753113
5,317,130,-0.28097617626190186
6,316,131,-0.28098270297050476
7,324,132,-0.20232820510864258
8,316,133,-0.19539862871170044
9,320,135,-0.26324066519737244
10,317,136,-0.26115551590919495
11,335,149,-0.16505421698093414
12,306,148,-0.13536536693572998
13,350,163,-0.29782161116600037
14,295,162,-0.2504233717918396
15,337,156,-0.46996989846229553
16,297,156,-0.43238547444343567
17,334,157,-0.5077304840087891
18,296,156,-0.46681493520736694
19,332,153,-0.4988687336444855
20,297,154,-0.46397095918655396
21,333,154,-0.4701678454875946
22,298,155,-0.43603989481925964
23,339,187,-0.015836255624890327
24,321,191,0.015777185559272766
25,353,216,-0.14597420394420624
26,328,218,0.12007509171962738
27,364,244,-0.05330731347203255
28,339,220,0.4376215934753418
29,366,249,-0.0493834987282753
30,341,218,0.46724751591682434
31,363,255,-0.16599786281585693
32,343,233,0.420902281999588
0,318,132,-0.2910345792770386
1,320,130,-0.27990058064460754
2,321,130,-0.2799060642719269
3,322,130,-0.27995702624320984
4,317,130,-0.27837374806404114
5,317,130,-0.27841341495513916
6,316,131,-0.27842339873313904
7,324,132,-0.20041398704051971
8,316,133,-0.1929195672273636
9,320,135,-0.26095306873321533
10,316,136,-0.25896239280700684
11,335,149,-0.16369357705116272
12,306,148,-0.13377390801906586
13,350,163,-0.29611843824386597
14,295,162,-0.25009989738464355
15,336,156,-0.46787241101264954
16,297,156,-0.4307505786418915
17,334,157,-0.5050790905952454
18,296,156,-0.4648081064224243
19,333,154,-0.49764397740364075
20,297,154,-0.4615354537963867
21,333,154,-0.4686245024204254
22,298,155,-0.4342571794986725
23,339,187,-0.015822891145944595
24,321,191,0.015764186158776283
25,353,216,-0.1476534605026245
26,328,218,0.11994300037622452
27,364,244,-0.05558577924966812
28,339,220,0.43675515055656433
29,366,249,-0.05166931450366974
30,340,218,0.4662960171699524
31,363,255,-0.1682356595993042
32,343,233,0.41993334889411926
0,318,132,-0.2892880439758301
1,320,130,-0.27815812826156616
2,321,130,-0.27816295623779297
3,322,130,-0.27821385860443115
4,317,130,-0.27665892243385315
5,317,130,-0.2766994535923004
6,316,131,-0.27671101689338684
7,324,132,-0.19910018146038055
8,316,133,-0.19144591689109802
9,320,135,-0.2593679428100586
10,316,136,-0.25740572810173035
11,335,149,-0.1627480685710907
12,306,148,-0.13262605667114258
13,350,163,-0.29398876428604126
14,295,162,-0.24903461337089539
15,336,156,-0.466152161359787
16,297,156,-0.4290200173854828
17,334,157,-0.5035545229911804
18,296,156,-0.46292200684547424
19,333,154,-0.493960976600647
20,297,154,-0.4595954716205597
21,333,154,-0.4659203886985779
22,298,155,-0.4325253367424011
23,339,187,-0.015793971717357635
24,321,191,0.015735292807221413
25,353,216,-0.14721670746803284
26,328,218,0.11947529762983322
27,364,244,-0.05509211868047714
28,339,220,0.4351003170013428
29,366,249,-0.05114096775650978
30,340,218,0.4645632207393646
31,363,255,-0.16733206808567047
32,343,233,0.4185296297073364
0,318,132,-0.23984450101852417
1,320,130,-0.22970815002918243
2,321,130,-0.22971245646476746
3,322,130,-0.22976097464561462
4,317,130,-0.22780127823352814
5,316,130,-0.22783590853214264
6,316,131,-0.227857768535614
7,324,132,-0.15986016392707825
8,316,133,-0.1499670147895813
9,320,135,-0.21328997611999512
10,316,136,-0.21069975197315216
11,335,149,-0.1309126764535904
12,306,148,-0.10181518644094467
13,350,163,-0.2490452080965042
14,295,162,-0.2070450633764267
15,335,156,-0.3983573913574219
16,299,155,-0.3637266159057617
17,329,156,-0.4299461245536804
18,297,155,-0.3932667672634125
19,327,152,-0.4179351031780243
20,298,153,-0.38761380314826965
21,329,153,-0.3963373005390167
22,299,154,-0.36566162109375
23,339,187,-0.0145245511084795
24,321,191,0.014425617642700672
25,353,216,-0.12146776169538498
26,328,218,0.10107263922691345
27,364,244,-0.03888538479804993
28,339,220,0.3848826587200165
29,366,249,-0.03471478819847107
30,340,219,0.4120894968509674
31,363,255,-0.13644401729106903
32,343,233,0.37514185905456543
0,318,132,-0.23261658847332
1,319,130,-0.2225164771080017
2,320,130,-0.2225206047296524
3,322,130,-0.2225683629512787
4,317,130,-0.2205810695886612
5,316,130,-0.22061513364315033
6,316,131,-0.22063708305358887
7,324,132,-0.15339215099811554
8,315,133,-0.14339952170848846
9,320,135,-0.20636014640331268
10,316,136,-0.203746497631073
11,335,149,-0.12503668665885925
12,306,148,-0.0962468832731247
13,350,163,-0.24106428027153015
14,295,162,-0.200181245803833
15,334,156,-0.38808655738830566
16,300,155,-0.3557405173778534
17,327,155,-0.4191211462020874
18,298,154,-0.385060578584671
19,326,152,-0.4071720242500305
20,299,152,-0.37936899065971375
21,327,153,-0.3859997093677521
22,299,154,-0.3576563894748688
23,339,187,-0.013656876049935818
24,321,191,0.013536537997424603
25,353,216,-0.11270234733819962
26,328,218,0.09652041643857956
27,364,244,-0.030461490154266357
28,339,220,0.3769378066062927
29,366,249,-0.026147836819291115
30,340,219,0.4039537012577057
31,363,255,-0.12586724758148193
32,343,233,0.36798691749572754
0,317,132,-0.24330268800258636
1,319,130,-0.23296882212162018
2,320,130,-0.2329731285572052
3,321,130,-0.23302258551120758
4,317,130,-0.23130138218402863
5,316,130,-0.23133698105812073
6,316,131,-0.23135672509670258
7,324,132,-0.1618587076663971
8,315,133,-0.15313315391540527
9,320,135,-0.21631930768489838
10,316,136,-0.21407409012317657
11,335,149,-0.1317216455936432
12,306,148,-0.1042759120464325
13,350,163,-0.2495601624250412
14,295,162,-0.21106655895709991
15,334,156,-0.3986027240753174
16,300,155,-0.37088078260421753
17,328,155,-0.43044397234916687
18,298,154,-0.40125876665115356
19,326,152,-0.41863760352134705
20,299,152,-0.3960171341896057
21,328,153,-0.3967282474040985
22,299,153,-0.37316399812698364
23,339,187,-0.013117707334458828
24,321,191,0.012993736192584038
25,353,217,-0.10932626575231552
26,328,218,0.09877011179924011
27,364,244,-0.024513719603419304
28,339,220,0.38551217317581177
29,366,249,-0.02013212814927101
30,340,219,0.41305530071258545
31,363,255,-0.1212109923362732
32,343,233,0.37595564126968384
0,317,132,-0.24326419830322266
1,319,130,-0.23297393321990967
2,320,130,-0.2329782098531723
3,321,130,-0.2330274134874344
4,317,130,-0.231233611702919
5,316,130,-0.23126903176307678
6,316,131,-0.23128896951675415
7,324,132,-0.16214485466480255
8,315,133,-0.15310460329055786
9,320,135,-0.21639041602611542
10,316,136,-0.21404793858528137
11,335,149,-0.13223735988140106
12,306,149,-0.10463067144155502
13,350,163,-0.2500499188899994
14,295,162,-0.2113770842552185
15,333,156,-0.39839112758636475
16,300,155,-0.3706218898296356
17,328,155,-0.43008705973625183
18,298,154,-0.40090277791023254
19,326,152,-0.41818711161613464
20,299,152,-0.3955400884151459
21,328,153,-0.39645716547966003
22,299,153,-0.37285107374191284
23,339,187,-0.01284918375313282
24,321,191,0.012724344618618488
25,353,217,-0.10843600332736969
26,328,218,0.09939289838075638
27,364,244,-0.02333618886768818
28,339,220,0.38617539405822754
29,366,249,-0.018947593867778778
30,340,219,0.41372251510620117
31,363,255,-0.12018043547868729
32,343,233,0.37680909037590027
0,317,132,-0.24650171399116516
1,319,130,-0.23612569272518158
2,320,130,-0.2361302524805069
3,321,130,-0.2361806482076645
4,317,130,-0.23452222347259521
5,316,130,-0.2345581203699112
6,315,131,-0.2345777004957199
7,324,132,-0.16448979079723358
8,315,133,-0.1561097353696823
9,320,135,-0.219320148229599
10,316,136,-0.21717557311058044
11,335,149,-0.13383327424526215
12,306,149,-0.10650279372930527
13,350,163,-0.2516886591911316
14,295,162,-0.21302363276481628
15,334,155,-0.40172627568244934
16,299,155,-0.3743923604488373
17,328,155,-0.43384093046188354
18,297,154,-0.40504810214042664
19,326,152,-0.4222402572631836
20,299,152,-0.4002176523208618
21,328,153,-0.3999559283256531
22,299,153,-0.37691548466682434
23,339,187,-0.012610992416739464
24,321,191,0.012486733496189117
25,353,217,-0.11044605821371078
26,328,218,0.09842432290315628
27,364,244,-0.024350985884666443
28,339,220,0.38565975427627563
29,366,249,-0.019916675984859467
30,340,219,0.41321226954460144
31,363,255,-0.12195529788732529
32,343,233,0.3757976293563843
0,317,132,-0.24726979434490204
1,319,130,-0.2368740439414978
2,320,130,-0.2368783801794052
3,321,130,-0.23692870140075684
4,317,130,-0.23528574407100677
5,316,130,-0.2353219985961914
6,315,131,-0.23534154891967773
7,324,132,-0.1651189625263214
8,315,133,-0.15684346854686737
9,320,135,-0.2200600802898407
10,316,136,-0.21794432401657104
11,335,149,-0.13428770005702972
12,306,149,-0.10717537254095078
13,350,163,-0.25202831625938416
14,295,162,-0.21384714543819427
15,334,155,-0.402188241481781
16,299,155,-0.3758314251899719
17,328,155,-0.4343220889568329
18,297,154,-0.4066295623779297
19,327,152,-0.42279040813446045
20,298,152,-0.40183761715888977
21,328,153,-0.4004494547843933
22,299,153,-0.378396213054657
23,339,187,-0.012442813254892826
24,321,191,0.012318985536694527
25,353,217,-0.10997077077627182
26,328,218,0.09809298068284988
27,364,244,-0.023326564580202103
28,339,220,0.38563480973243713
29,366,249,-0.018833324313163757
30,340,219,0.4132040739059448
31,363,255,-0.12079770117998123
32,343,233,0.3756958842277527
0,317,132,-0.2486843764781952
1,319,130,-0.23811864852905273
2,320,130,-0.2381245195865631
3,321,130,-0.23817561566829681
4,317,130,-0.23806050419807434
5,316,130,-0.238099604845047
6,315,131,-0.23812159895896912
7,324,132,-0.16524793207645416
8,315,133,-0.16247594356536865
9,320,135,-0.22118735313415527
10,316,136,-0.22105002403259277
11,335,149,-0.13537590205669403
12,306,149,-0.11189210414886475
13,350,163,-0.25496459007263184
14,295,162,-0.22147274017333984
15,334,155,-0.4060767590999603
16,299,155,-0.3915993571281433
17,328,155,-0.4400884509086609
18,296,155,-0.4243374764919281
19,327,152,-0.43001025915145874
20,297,153,-0.4205241799354553
21,328,153,-0.4054458737373352
22,298,154,-0.39487308263778687
23,339,187,-0.012428045272827148
24,321,191,0.012307015247642994
25,353,217,-0.10981535911560059
26,328,218,0.09969881176948547
27,364,244,-0.019285913556814194
28,339,220,0.3902677595615387
29,366,249,-0.01461768988519907
30,340,219,0.4180007874965668
31,363,255,-0.11872076243162155
32,343,233,0.37902429699897766
0,317,132,-0.2522185742855072
1,319,130,-0.24152256548404694
2,320,130,-0.2415286749601364
3,321,130,-0.24158090353012085
4,317,130,-0.24190305173397064
5,316,130,-0.24194344878196716
6,315,131,-0.24196499586105347
7,324,132,-0.1674509048461914
8,315,133,-0.166259303689003
9,319,135,-0.22433128952980042
10,316,136,-0.22477316856384277
11,335,149,-0.13587315380573273
12,306,149,-0.11493191123008728
13,350,163,-0.25595682859420776
14,295,162,-0.2257058471441269
15,334,155,-0.4110313951969147
16,298,155,-0.3971218466758728
17,328,155,-0.44594141840934753
18,296,155,-0.43003660440444946
19,327,152,-0.4362986981868744
20,297,153,-0.42624184489250183
21,328,153,-0.41083693504333496
22,298,154,-0.40041837096214294
23,339,187,-0.012438368983566761
24,321,191,0.012319406494498253
25,353,217,-0.10979325324296951
26,328,218,0.10048210620880127
27,364,244,-0.018079204484820366
28,339,221,0.3916281759738922
29,366,249,-0.013358710333704948
30,340,219,0.4192853271961212
31,363,255,-0.11798924207687378
32,343,233,0.37964004278182983
0,317,132,-0.25765353441238403
1,319,130,-0.24701757729053497
2,320,130,-0.24702338874340057
3,321,130,-0.24707773327827454
4,317,130,-0.24678300321102142
5,316,130,-0.24682199954986572
6,315,131,-0.2468402236700058
7,324,132,-0.17235931754112244
8,315,133,-0.16933681070804596
9,319,135,-0.229492649435997
10,316,136,-0.22919589281082153
11,335,149,-0.13904650509357452
12,306,149,-0.11642695963382721
13,350,163,-0.2585392892360687
14,295,162,-0.22634439170360565
15,334,155,-0.41667214035987854
16,296,157,-0.39843320846557617
17,329,155,-0.4517218768596649
18,295,155,-0.4312664568424225
19,327,152,-0.44162023067474365
20,296,154,-0.4279015064239502
21,328,153,-0.41618648171424866
22,297,155,-0.40190818905830383
23,339,187,-0.012463760562241077
24,321,191,0.012346118688583374
25,353,217,-0.11102855950593948
26,328,218,0.10089154541492462
27,364,244,-0.020096058025956154
28,339,221,0.3934253752231598
29,366,249,-0.015505230985581875
30,340,219,0.4214535057544708
31,363,255,-0.1206875741481781
32,343,233,0.3821626901626587
0,317,132,-0.25841155648231506
1,319,130,-0.24780681729316711
2,320,130,-0.24781297147274017
3,321,130,-0.24786825478076935
4,317,130,-0.2474781572818756
5,316,130,-0.24751657247543335
6,315,131,-0.24753424525260925
7,324,132,-0.17312511801719666
8,315,133,-0.16971388459205627
9,319,135,-0.2302369773387909
10,316,136,-0.22983036935329437
11,335,149,-0.13929779827594757
12,306,149,-0.11652889102697372
13,350,163,-0.2592947483062744
14,295,162,-0.22614888846874237
15,334,155,-0.4167610704898834
16,295,158,-0.39761826395988464
17,329,155,-0.4519444406032562
18,295,156,-0.43018561601638794
19,327,152,-0.4417705237865448
20,296,154,-0.42667320370674133
21,329,153,-0.4162781536579132
22,297,155,-0.40096744894981384
23,339,187,-0.012483610771596432
24,321,191,0.01236703246831894
25,353,217,-0.1113150417804718
26,328,218,0.10142455250024796
27,364,244,-0.0208110474050045
28,339,221,0.39477136731147766
29,366,249,-0.01625044085085392
30,340,219,0.422806054353714
31,363,255,-0.12131291627883911
32,343,233,0.38311702013015747
0,317,132,-0.258781373500824
1,319,130,-0.24817360937595367
2,320,130,-0.2481793910264969
3,321,130,-0.248233824968338
4,317,130,-0.24765560030937195
5,316,130,-0.24769392609596252
6,315,131,-0.24771150946617126
7,324,132,-0.17356553673744202
8,315,133,-0.16971038281917572
9,319,135,-0.23061275482177734
10,316,136,-0.22995825111865997
11,335,149,-0.13994376361370087
12,306,149,-0.11646893620491028
13,350,163,-0.26009851694107056
14,295,162,-0.2255338579416275
15,334,155,-0.4172338545322418
16,295,158,-0.39738258719444275
17,329,155,-0.45210519433021545
18,295,156,-0.4297044277191162
19,327,152,-0.44182321429252625
20,296,154,-0.42592063546180725
21,329,153,-0.41659680008888245
22,297,155,-0.4005265533924103
23,339,187,-0.012499520555138588
24,321,191,0.012383736670017242
25,353,217,-0.11148927360773087
26,328,218,0.1017206460237503
27,364,244,-0.02125547081232071
28,339,221,0.39569443464279175
29,366,249,-0.01670142076909542
30,340,219,0.42376023530960083
31,363,255,-0.12157812714576721
32,343,233,0.3839373290538788
0,317,132,-0.25888919830322266
1,319,130,-0.2483106404542923
2,320,130,-0.24831651151180267
3,321,130,-0.2483714520931244
4,317,130,-0.24779462814331055
5,316,130,-0.2478327751159668
6,315,131,-0.2478502094745636
7,324,132,-0.1737130731344223
8,315,133,-0.16976895928382874
9,319,135,-0.23072122037410736
10,316,136,-0.23008036613464355
11,335,149,-0.1400526612997055
12,306,149,-0.11646946519613266
13,350,163,-0.2604826092720032
14,295,162,-0.22537429630756378
15,334,155,-0.4173324704170227
16,295,158,-0.3969770669937134
17,329,155,-0.45227494835853577
18,295,156,-0.4292645752429962
19,328,152,-0.4419504702091217
20,296,154,-0.42555704712867737
21,329,153,-0.41669782996177673
22,297,155,-0.4001314043998718
23,339,187,-0.012511592358350754
24,321,191,0.012396424077451229
25,353,217,-0.11153069138526917
26,329,218,0.1019202321767807
27,364,244,-0.02117759920656681
28,339,221,0.3962075710296631
29,366,249,-0.016605906188488007
30,340,219,0.42428067326545715
31,363,255,-0.12145232409238815
32,343,233,0.3843577802181244
0,317,132,-0.2590988576412201
1,319,130,-0.24851848185062408
2,320,130,-0.24852415919303894
3,321,130,-0.24857860803604126
4,317,130,-0.247894287109375
5,316,130,-0.24793240427970886
6,315,131,-0.24794980883598328
7,324,132,-0.1739928126335144
8,315,133,-0.16976352035999298
9,319,135,-0.23093995451927185
10,316,136,-0.23015418648719788
11,335,149,-0.1404460370540619
12,306,149,-0.11645326018333435
13,350,163,-0.26083311438560486
14,295,162,-0.22530072927474976
15,334,155,-0.4175022840499878
16,295,158,-0.3967188596725464
17,329,155,-0.4523104429244995
18,294,156,-0.42902690172195435
19,328,152,-0.4419603943824768
20,296,154,-0.425385057926178
21,329,153,-0.4168035686016083
22,297,155,-0.3999077081680298
23,339,187,-0.012521791271865368
24,321,191,0.012407091446220875
25,353,217,-0.11159521341323853
26,329,218,0.10205601155757904
27,364,244,-0.0212666317820549
28,339,221,0.396406352519989
29,366,249,-0.016694605350494385
30,340,219,0.4244576394557953
31,363,255,-0.12154928594827652
32,343,233,0.38448968529701233
0,317,132,-0.2593151032924652
1,319,130,-0.24871984124183655
2,320,130,-0.24872533977031708
3,321,130,-0.24877944588661194
4,317,130,-0.2480715811252594
5,316,130,-0.24810975790023804
6,315,131,-0.24812692403793335
7,324,132,-0.17406971752643585
8,315,133,-0.16979852318763733
9,319,135,-0.23112402856349945
10,316,136,-0.23031209409236908
11,335,149,-0.14055554568767548
12,306,149,-0.11646762490272522
13,350,163,-0.260974258184433
14,295,162,-0.22539761662483215
15,334,155,-0.41793689131736755
16,295,158,-0.3970094323158264
17,329,155,-0.4527278244495392
18,294,156,-0.4294899106025696
19,328,152,-0.4423459768295288
20,296,154,-0.42595958709716797
21,329,153,-0.4172227382659912
22,297,155,-0.4003041684627533
23,339,187,-0.012528832070529461
24,321,191,0.01241446565836668
25,353,217,-0.11186140030622482
26,329,218,0.1021127700805664
27,364,244,-0.021567583084106445
28,339,221,0.3969774544239044
29,366,249,-0.017004361376166344
30,340,219,0.42511430382728577
31,363,255,-0.12198353558778763
32,343,233,0.38532617688179016
