0,314,149,0.08468165248632431
1,309,146,0.06173263117671013
2,309,146,0.06176310405135155
3,313,145,0.06174004077911377
4,313,145,0.08586227148771286
5,313,144,0.08586820214986801
6,314,144,0.08584120869636536
7,315,143,-0.0067411321215331554
8,317,141,0.10305553674697876
9,315,146,0.06414108723402023
10,317,150,0.09544602036476135
11,321,150,-0.06668415665626526
12,335,145,0.16804522275924683
13,304,165,-0.026313383132219315
14,323,155,0.325594037771225
15,296,148,0.1295052170753479
16,307,145,0.44705885648727417
17,294,142,0.13605521619319916
18,305,142,0.4772992432117462
19,296,141,0.1315169483423233
20,305,140,0.4663344621658325
21,297,143,0.13366644084453583
22,306,142,0.4471815824508667
23,350,205,-0.07850446552038193
24,364,202,0.07847020030021667
25,323,238,-0.07589786499738693
26,370,242,0.0693235918879509
27,330,285,-0.04780283942818642
28,385,287,0.035710982978343964
29,336,291,-0.0425962395966053
30,389,292,0.03199489042162895
31,314,292,-0.03817072883248329
32,371,293,0.01568169891834259
0,311,148,0.09804630279541016
1,308,144,0.07130006700754166
2,308,143,0.07129649817943573
3,308,143,0.07126330584287643
4,309,143,0.09808068722486496
5,309,143,0.09810588508844376
6,310,142,0.09808577597141266
7,311,140,-0.00821191631257534
8,314,138,0.10814526677131653
9,314,145,0.07203056663274765
10,314,146,0.10659102350473404
11,320,152,-0.08447286486625671
12,335,144,0.1720031201839447
13,303,168,-0.06188702955842018
14,323,156,0.324093222618103
15,294,149,0.09083607792854309
16,306,147,0.444065123796463
17,289,144,0.09582547098398209
18,305,142,0.4764878749847412
19,291,142,0.09382874518632889
20,305,141,0.46641528606414795
21,295,144,0.09622587263584137
22,305,143,0.4444428086280823
23,349,205,-0.07963605225086212
24,363,202,0.07960966974496841
25,324,238,-0.07641845941543579
26,369,242,0.09801077842712402
27,325,285,-0.06483970582485199
28,385,286,0.09128939360380173
29,329,291,-0.061639610677957535
30,389,291,0.09093401581048965
31,306,292,-0.06478530168533325
32,372,293,0.07768431305885315
0,311,142,0.1009717658162117
1,309,138,0.07432375848293304
2,308,138,0.07431767135858536
3,309,138,0.07428933680057526
4,309,138,0.1010064110159874
5,310,137,0.10102386772632599
6,310,136,0.10098863393068314
7,311,136,-0.00845493283122778
8,314,135,0.10906059294939041
9,314,143,0.07416685670614243
10,314,142,0.108611099421978
11,319,152,-0.0926547646522522
12,336,144,0.17275232076644897
13,303,169,-0.07812836021184921
14,329,160,0.31520575284957886
15,294,149,0.0678212121129036
16,307,149,0.4311184585094452
17,288,145,0.07065480947494507
18,310,148,0.4643935561180115
19,290,143,0.07071973383426666
20,309,147,0.45566773414611816
21,294,145,0.0735001340508461
22,310,148,0.4310982823371887
23,348,205,-0.08084922283887863
24,363,202,0.0808291807770729
25,325,238,-0.07629792392253876
26,369,242,0.10192106664180756
27,323,285,-0.061575405299663544
28,385,285,0.09554518014192581
29,328,291,-0.05807894468307495
30,389,291,0.09521897882223129
31,304,292,-0.06185905635356903
32,372,293,0.08229885250329971
0,311,140,0.10105980932712555
1,309,136,0.0748845711350441
2,309,136,0.07487881928682327
3,309,136,0.07485100626945496
4,309,136,0.1013241559267044
5,310,135,0.10134485363960266
6,311,134,0.10131210088729858
7,312,135,-0.008240802213549614
8,315,133,0.11012029647827148
9,314,141,0.07495567947626114
10,315,141,0.10906398296356201
11,319,152,-0.08962099999189377
12,337,144,0.17651329934597015
13,303,170,-0.06659235805273056
14,329,161,0.3169662058353424
15,293,150,0.08744557201862335
16,307,150,0.4343443810939789
17,287,144,0.09229171276092529
18,310,147,0.4670437276363373
19,291,143,0.09078115969896317
20,309,146,0.4572213292121887
21,294,145,0.0928940549492836
22,309,147,0.43452188372612
23,348,205,-0.08079104870557785
24,363,202,0.08077000081539154
25,325,238,-0.07645659893751144
26,368,242,0.09945415705442429
27,323,285,-0.06567570567131042
28,385,285,0.08714476972818375
29,328,292,-0.06266037374734879
30,389,291,0.08625155687332153
31,304,292,-0.06501545757055283
32,372,293,0.07563865184783936
0,311,142,0.1134779155254364
1,310,137,0.0880676880478859
2,310,137,0.0880483090877533
3,309,137,0.08802866190671921
4,310,137,0.1127985268831253
5,311,135,0.11280795931816101
6,311,135,0.11275473982095718
7,312,136,0.005636792629957199
8,315,133,0.11636929214000702
9,315,142,0.08789153397083282
10,315,141,0.11958523094654083
11,318,152,-0.08510760217905045
12,337,144,0.17612317204475403
13,302,172,-0.058397624641656876
14,335,170,0.31518834829330444
15,291,152,0.0907931849360466
16,323,169,0.43318304419517517
17,286,148,0.09225676953792572
18,322,169,0.4665088355541229
19,288,145,0.09244818985462189
20,321,167,0.45611611008644104
21,291,147,0.09610555320978165
22,321,167,0.43295973539352417
23,347,205,-0.07824451476335526
24,362,202,0.07818684726953506
25,326,241,-0.07698941230773926
26,368,242,0.12709152698516846
27,319,285,-0.07582780718803406
28,385,285,0.14266471564769745
29,322,292,-0.07344957441091537
30,389,291,0.14568117260932922
31,296,292,-0.08649373799562454
32,373,292,0.1344420164823532
0,313,138,0.05594401806592941
1,314,135,0.03451690077781677
2,314,135,0.034505296498537064
3,313,135,0.03449597582221031
4,314,134,0.060409627854824066
5,315,133,0.06043068692088127
6,315,133,0.06040974706411362
7,316,134,-0.02868303842842579
8,319,133,0.0858575850725174
9,315,141,0.03658869490027428
10,315,140,0.06960044801235199
11,318,152,-0.10405135899782181
12,337,148,0.16787301003932953
13,302,176,-0.0840710774064064
14,327,170,0.291220486164093
15,290,154,0.06216839328408241
16,304,161,0.37728995084762573
17,285,149,0.06133066117763519
18,297,161,0.40524423122406006
19,288,147,0.06262249499559402
20,300,158,0.39443209767341614
21,290,149,0.06824697554111481
22,301,159,0.3756849765777588
23,346,206,-0.07827915996313095
24,359,203,0.07825317978858948
25,326,245,-0.07625946402549744
26,368,243,0.13637378811836243
27,314,286,-0.07545123994350433
28,385,285,0.16890883445739746
29,315,293,-0.0741988942027092
30,390,291,0.1732538789510727
31,291,292,-0.09427894651889801
32,373,292,0.16291113197803497
0,313,138,0.048491399735212326
1,314,135,0.028165876865386963
2,314,135,0.028158647939562798
3,314,135,0.028149394318461418
4,314,134,0.053921911865472794
5,315,134,0.0539398118853569
6,315,134,0.05392416939139366
7,317,135,-0.030608192086219788
8,320,133,0.08350884914398193
9,315,141,0.03055155649781227
10,315,140,0.06345926970243454
11,318,152,-0.10338425636291504
12,336,149,0.16622373461723328
13,302,176,-0.08665420114994049
14,323,171,0.28790950775146484
15,290,154,0.05490166321396828
16,300,158,0.3735373020172119
17,284,150,0.053441617637872696
18,296,156,0.4004880487918854
19,288,148,0.05332178995013237
20,299,156,0.390982985496521
21,290,150,0.060155391693115234
22,300,157,0.37232711911201477
23,346,206,-0.07850803434848785
24,358,203,0.0785454511642456
25,326,246,-0.08204106986522675
26,367,243,0.12606024742126465
27,313,286,-0.08997368812561035
28,386,285,0.15107131004333496
29,315,293,-0.09005174040794373
30,390,291,0.15408694744110107
31,290,292,-0.11452962458133698
32,373,292,0.13925957679748535
0,313,139,0.06455319374799728
1,314,136,0.04226464033126831
2,314,136,0.04226395860314369
3,314,135,0.04224812239408493
4,314,135,0.06668158620595932
5,315,134,0.0666954293847084
6,315,134,0.06666559725999832
7,317,136,-0.024050313979387283
8,320,134,0.07652901113033295
9,315,141,0.04405554011464119
10,316,141,0.07467115670442581
11,315,153,-0.09735483676195145
12,334,149,0.14556291699409485
13,302,180,-0.07478993386030197
14,323,171,0.26930296421051025
15,290,158,0.053174544125795364
16,303,161,0.3638085126876831
17,285,152,0.051428813487291336
18,299,158,0.39044278860092163
19,287,151,0.05127008259296417
20,299,157,0.37905529141426086
21,289,152,0.057756636291742325
22,300,158,0.3623073101043701
23,343,207,-0.07272302359342575
24,356,204,0.07279783487319946
25,326,247,-0.05962648242712021
26,367,245,0.10149724781513214
27,312,287,-0.05360976606607437
28,386,285,0.1181148961186409
29,313,294,-0.05262548103928566
30,390,291,0.12000041455030441
31,288,292,-0.080527663230896
32,374,292,0.08922233432531357
0,314,140,0.06856051087379456
1,313,138,0.0429048091173172
2,313,138,0.04296625778079033
3,314,138,0.04295099899172783
4,314,137,0.07154558598995209
5,315,137,0.07155720144510269
6,315,137,0.07153154909610748
7,316,139,-0.018161475658416748
8,320,134,0.08203841000795364
9,315,142,0.04584715887904167
10,316,141,0.08000829070806503
11,315,154,-0.08603229373693466
12,333,150,0.14882750809192657
13,302,180,-0.07199950516223907
14,323,171,0.2743188738822937
15,289,159,0.052611108869314194
16,300,160,0.3665607273578644
17,284,153,0.050454962998628616
18,294,157,0.39347901940345764
19,287,152,0.05100785568356514
20,297,156,0.3819250464439392
21,289,153,0.057375092059373856
22,298,158,0.3649304509162903
23,343,208,-0.06978881359100342
24,355,205,0.06986165046691895
25,326,248,-0.055032454431056976
26,366,246,0.08573742210865021
27,312,288,-0.04923981428146362
28,386,285,0.08433929830789566
29,313,295,-0.047938134521245956
30,391,291,0.08420529216527939
31,289,292,-0.07163853198289871
32,374,292,0.057268936187028885
0,314,140,0.12257938086986542
1,314,137,0.10165052115917206
2,313,137,0.1016448363661766
3,313,137,0.10163263976573944
4,315,137,0.12300866842269897
5,315,136,0.12301910668611526
6,316,136,0.12298626452684402
7,315,138,0.031288277357816696
8,320,134,0.12230022996664047
9,315,142,0.09976425766944885
10,316,141,0.12642139196395874
11,312,155,-0.04685426875948906
12,332,151,0.1846541464328766
13,302,185,-0.012523780576884747
14,326,178,0.3067891597747803
15,288,164,0.13478422164916992
16,306,169,0.41524413228034973
17,283,159,0.13882456719875336
18,301,166,0.4455294907093048
19,286,157,0.1423863023519516
20,299,165,0.4364692270755768
21,288,159,0.14147809147834778
22,300,166,0.414592444896698
23,341,208,-0.0699898824095726
24,353,205,0.07007534056901932
25,324,248,-0.06513034552335739
26,364,246,0.07801992446184158
27,310,289,-0.06313643604516983
28,386,285,0.06517830491065979
29,311,295,-0.062181297689676285
30,391,291,0.06407513469457626
31,287,292,-0.08847217261791229
32,374,292,0.040686216205358505
0,314,140,0.13451242446899414
1,314,137,0.11365166306495667
2,314,137,0.1136331856250763
3,313,137,0.11361278593540192
4,315,138,0.13179932534694672
5,316,136,0.13181255757808685
6,316,136,0.13176342844963074
7,315,140,0.04228599742054939
8,320,135,0.12228380888700485
9,315,143,0.11227142065763474
10,316,142,0.13506880402565002
11,312,156,-0.03447963669896126
12,332,152,0.18328377604484558
13,302,186,0.007836254313588142
14,328,179,0.3099912106990814
15,288,166,0.15154355764389038
16,311,172,0.418580025434494
17,283,161,0.15498867630958557
18,308,170,0.44890886545181274
19,285,158,0.15688194334506989
20,304,169,0.43930721282958984
21,287,160,0.1573198139667511
22,305,169,0.41796717047691345
23,341,208,-0.06589202582836151
24,352,205,0.06597432494163513
25,324,248,-0.05832831561565399
26,363,246,0.07216734439134598
27,310,289,-0.04645423963665962
28,386,285,0.0669221580028534
29,311,295,-0.04387670010328293
30,391,291,0.06674061715602875
31,289,292,-0.06634225696325302
32,374,292,0.0412328727543354
0,309,140,0.12324120104312897
1,309,137,0.10006649792194366
2,308,137,0.10005126148462296
3,307,137,0.10003643482923508
4,310,137,0.11932095885276794
5,311,136,0.11932327598333359
6,312,136,0.11926257610321045
7,308,140,0.023366928100585938
8,315,135,0.10995364189147949
9,310,143,0.09836938977241516
10,311,142,0.12264969199895859
11,309,157,-0.03508218005299568
12,330,152,0.16816750168800354
13,303,187,-0.018171200528740883
14,323,178,0.279603511095047
15,288,173,0.12668278813362122
16,301,171,0.3766704797744751
17,284,170,0.13106182217597961
18,296,168,0.4050787687301636
19,286,167,0.13323545455932617
20,293,167,0.3949761390686035
21,288,168,0.1327970027923584
22,295,168,0.37501996755599976
23,337,208,-0.06775064766407013
24,350,205,0.0678611770272255
25,319,248,-0.057708121836185455
26,360,247,0.07834109663963318
27,309,289,-0.044781818985939026
28,385,284,0.07464008033275604
29,311,295,-0.04268071427941322
30,391,290,0.07445497810840607
31,288,292,-0.06303135305643082
32,374,292,0.052716366946697235
0,309,140,0.1497148722410202
1,308,137,0.12707866728305817
2,307,137,0.1270696073770523
3,307,137,0.12706169486045837
4,309,137,0.14524759352207184
5,310,136,0.1452452540397644
6,311,136,0.145182266831398
7,307,140,0.04609474912285805
8,314,136,0.12510797381401062
9,309,143,0.12345202267169952
10,311,142,0.14609046280384064
11,309,157,-0.04338470473885536
12,329,153,0.18186397850513458
13,303,186,-0.005659645888954401
14,323,177,0.29884225130081177
15,289,175,0.15059979259967804
16,302,172,0.40764516592025757
17,285,171,0.15660443902015686
18,297,170,0.4372476041316986
19,287,168,0.15734891593456268
20,296,169,0.42824432253837585
21,288,170,0.1562861204147339
22,297,170,0.4062104821205139
23,337,208,-0.06973350793123245
24,349,205,0.0698460042476654
25,319,247,-0.059764303267002106
26,358,247,0.07062679529190063
27,309,289,-0.04425864294171333
28,384,283,0.056381773203611374
29,311,295,-0.04205183684825897
30,390,290,0.05485747754573822
31,288,292,-0.06258939951658249
32,373,292,0.03193527087569237
0,306,138,0.13157233595848083
1,305,135,0.11819901317358017
2,304,136,0.11818493902683258
3,303,136,0.11811522394418716
4,307,135,0.13110442459583282
5,307,134,0.1311367005109787
6,308,134,0.13115617632865906
7,305,139,0.010755653493106365
8,312,135,0.11144044995307922
9,306,142,0.11514260619878769
10,309,141,0.13885772228240967
11,307,158,-0.09093721956014633
12,327,153,0.16495747864246368
13,309,187,-0.09146497398614883
14,325,177,0.2757709324359894
15,296,183,-3.1925959774525836e-05
16,311,180,0.3657778799533844
17,293,183,-0.007043488789349794
18,308,181,0.39370670914649963
19,293,179,-0.0017331653507426381
20,306,180,0.37727120518684387
21,294,179,0.005155069287866354
22,307,179,0.36113646626472473
23,334,208,-0.07613910734653473
24,346,205,0.07628519088029861
25,316,246,-0.05309338495135307
26,352,247,0.0743357464671135
27,309,289,-0.029409775510430336
28,381,281,0.05923781916499138
29,311,294,-0.027324317023158073
30,389,288,0.05721883475780487
31,288,292,-0.05568068474531174
32,373,291,0.030450019985437393
0,305,139,0.14553940296173096
1,304,136,0.12183491885662079
2,304,136,0.12181827425956726
3,303,136,0.12179284542798996
4,306,135,0.1428622454404831
5,307,135,0.14287050068378448
6,308,134,0.1428113877773285
7,305,139,0.029976917430758476
8,311,135,0.12782752513885498
9,306,143,0.11775342375040054
10,308,142,0.1452055275440216
11,307,158,-0.07510577142238617
12,327,152,0.17730776965618134
13,310,188,-0.06934297829866409
14,328,177,0.27870380878448486
15,299,184,0.05770644173026085
16,318,181,0.37935522198677063
17,296,183,0.05903952568769455
18,316,183,0.40699562430381775
19,295,179,0.06118613854050636
20,314,182,0.39252063632011414
21,297,179,0.06375769525766373
22,314,181,0.3757849335670471
23,333,208,-0.0775034949183464
24,345,205,0.07765607535839081
25,317,244,-0.060711365193128586
26,350,247,0.06817733496427536
27,309,289,-0.046384528279304504
28,379,281,0.03540324419736862
29,311,294,-0.04607679322361946
30,386,287,0.031310535967350006
31,288,292,-0.08030196279287338
32,373,291,0.0034869187511503696
0,303,136,0.15164239704608917
1,302,133,0.129067063331604
2,302,134,0.1290854513645172
3,301,134,0.12909838557243347
4,305,133,0.15285640954971313
5,305,132,0.1528603881597519
6,307,132,0.15277273952960968
7,303,137,0.04504777491092682
8,310,134,0.1516040861606598
9,304,140,0.12360092997550964
10,306,140,0.15419597923755646
11,305,158,-0.07500806450843811
12,323,152,0.1920810490846634
13,312,184,-0.17548128962516785
14,326,177,0.23165558278560638
15,310,194,-0.23418065905570984
16,319,188,0.22399577498435974
17,311,199,-0.26347577571868896
18,318,192,0.23342710733413696
19,310,198,-0.2516799569129944
20,316,192,0.21354421973228455
21,311,196,-0.23131625354290009
22,316,191,0.21465237438678741
23,330,208,-0.08368591219186783
24,340,205,0.08377694338560104
25,314,243,-0.08434540778398514
26,342,246,0.04370124638080597
27,308,288,-0.07238590717315674
28,373,277,0.028910962864756584
29,311,294,-0.07230562716722488
30,381,282,0.026443397626280785
31,287,292,-0.12033694982528687
32,370,291,-0.010130337439477444
0,301,137,0.12824633717536926
1,301,134,0.1030982956290245
2,300,134,0.10310910642147064
3,300,135,0.10311880707740784
4,303,133,0.1259557157754898
5,304,133,0.12593433260917664
6,305,133,0.1258217990398407
7,302,137,0.01750810258090496
8,308,134,0.11779778450727463
9,302,141,0.09932597726583481
10,305,140,0.12852662801742554
11,306,158,-0.0884966105222702
12,322,152,0.1547987461090088
13,312,186,-0.14876283705234528
14,323,178,0.16949734091758728
15,304,192,-0.13666893541812897
16,318,191,0.13621225953102112
17,302,195,-0.15725156664848328
18,318,194,0.1419886201620102
19,303,192,-0.14808236062526703
20,315,194,0.12341731041669846
21,304,191,-0.1329752504825592
22,314,193,0.12692148983478546
23,329,208,-0.08263429254293442
24,339,205,0.08272986859083176
25,315,243,-0.06717871129512787
26,343,246,0.053270600736141205
27,308,288,-0.04257408529520035
28,372,277,0.04218453913927078
29,311,294,-0.04202263802289963
30,379,280,0.04138289764523506
31,288,291,-0.10358032584190369
32,369,290,0.013930360786616802
0,300,137,0.12187600135803223
1,299,134,0.09843748807907104
2,298,134,0.09844083338975906
3,298,135,0.09844888746738434
4,301,134,0.1214236468076706
5,302,133,0.12140321731567383
6,303,133,0.12129075080156326
7,300,137,0.017519449815154076
8,307,134,0.11768465489149094
9,301,141,0.09521127492189407
10,303,140,0.12446153908967972
11,305,157,-0.08339554816484451
12,320,152,0.15965686738491058
13,311,186,-0.1403362900018692
14,319,178,0.1788741946220398
15,303,193,-0.13085201382637024
16,306,191,0.14309805631637573
17,300,196,-0.1519497036933899
18,303,193,0.14831508696079254
19,302,193,-0.1416836529970169
20,300,193,0.12792880833148956
21,303,192,-0.1267973631620407
22,301,192,0.13276296854019165
23,327,208,-0.08178172260522842
24,336,205,0.08189009875059128
25,314,243,-0.0671839714050293
26,338,246,0.0658692792057991
27,308,288,-0.04579295963048935
28,366,274,0.052000392228364944
29,311,294,-0.04716276004910469
30,373,276,0.049060720950365067
31,290,291,-0.0949576199054718
32,367,290,0.017855923622846603
0,299,138,0.12252707779407501
1,298,134,0.09912314265966415
2,298,135,0.09912072867155075
3,297,135,0.09912285208702087
4,300,134,0.12213950604200363
5,301,134,0.12212052941322327
6,302,133,0.12201523035764694
7,300,138,0.018492132425308228
8,306,135,0.11879332363605499
9,300,142,0.09574192017316818
10,302,141,0.12499143183231354
11,305,157,-0.08141384273767471
12,318,153,0.16199973225593567
13,311,186,-0.11764247715473175
14,317,178,0.1844952404499054
15,301,194,-0.06551595777273178
16,301,189,0.15253277122974396
17,299,197,-0.07950423657894135
18,297,190,0.15954408049583435
19,300,194,-0.07176277041435242
20,295,190,0.14206182956695557
21,302,193,-0.06112292781472206
22,296,189,0.1431790143251419
23,326,208,-0.08217286318540573
24,336,205,0.0822431817650795
25,314,243,-0.08072983473539352
26,336,245,0.07355497777462006
27,308,288,-0.0821734145283699
28,364,273,0.05406958609819412
29,311,294,-0.08429273962974548
30,371,276,0.0520361065864563
31,290,294,-0.12891250848770142
32,365,290,0.022852541878819466
0,294,138,0.08993995934724808
1,294,135,0.06584779918193817
2,294,135,0.06583642214536667
3,293,135,0.06582997739315033
4,296,134,0.09117438644170761
5,297,134,0.09117649495601654
6,298,133,0.09107363969087601
7,296,138,-0.016736529767513275
8,303,135,0.09570039808750153
9,295,142,0.06234041973948479
10,298,141,0.09490533918142319
11,302,155,-0.11216700077056885
12,316,152,0.1458372324705124
13,310,186,-0.134844571352005
14,316,180,0.17242485284805298
15,295,194,-0.07569795101881027
16,302,198,0.14232300221920013
17,292,196,-0.08976206183433533
18,299,202,0.14839063584804535
19,292,193,-0.08086372166872025
20,296,201,0.12873561680316925
21,291,190,-0.07080212235450745
22,298,200,0.1323138326406479
23,324,207,-0.08404799550771713
24,332,204,0.08405928313732147
25,314,243,-0.08703605085611343
26,328,244,0.09683914482593536
27,309,289,-0.0788663774728775
28,358,271,0.11668694764375687
29,311,295,-0.0792248398065567
30,366,273,0.11810600757598877
31,290,294,-0.12211491167545319
32,360,288,0.09685203433036804
0,295,139,0.09862121939659119
1,294,135,0.07530166953802109
2,294,135,0.07528205960988998
3,294,135,0.07526925951242447
4,297,134,0.09918777644634247
5,298,134,0.0991961732506752
6,299,134,0.09911128878593445
7,296,138,-0.004188541788607836
8,303,135,0.10150127112865448
9,296,142,0.07252001017332077
10,298,142,0.1030820906162262
11,302,155,-0.09900237619876862
12,317,152,0.15322905778884888
13,310,186,-0.12347114086151123
14,317,182,0.1862788200378418
15,290,193,-0.06959189474582672
16,303,199,0.1597263067960739
17,286,195,-0.08467628061771393
18,300,202,0.16637730598449707
19,285,192,-0.07341904938220978
20,297,201,0.1467738151550293
21,286,190,-0.06322693079710007
22,298,200,0.14997626841068268
23,323,207,-0.08326153457164764
24,333,204,0.08328433334827423
25,313,244,-0.0844731256365776
26,329,243,0.0932500809431076
27,309,289,-0.07999946177005768
28,357,270,0.0946161299943924
29,312,295,-0.08086606860160828
30,366,273,0.09402327984571457
31,290,294,-0.12201839685440063
32,358,287,0.07161419093608856
0,290,137,0.04536718875169754
1,290,134,0.024821816012263298
2,290,134,0.024788960814476013
3,290,134,0.024779679253697395
4,292,133,0.05117981880903244
5,293,133,0.05118861421942711
6,294,133,0.05108611285686493
7,294,136,-0.04079138860106468
8,299,134,0.07603853940963745
9,291,141,0.02389288879930973
10,293,140,0.057773444801568985
11,299,153,-0.1298505961894989
12,312,151,0.142424538731575
13,308,186,-0.1559353470802307
14,314,182,0.16610543429851532
15,290,196,-0.10753513127565384
16,304,201,0.12457626312971115
17,286,199,-0.12407293915748596
18,301,205,0.12927252054214478
19,285,196,-0.11770281940698624
20,299,205,0.10970331728458405
21,286,195,-0.103443942964077
22,300,203,0.1143513172864914
23,322,206,-0.08488426357507706
24,330,203,0.08488716930150986
25,313,244,-0.09234711527824402
26,324,242,0.10896951705217361
27,309,289,-0.08662068843841553
28,350,269,0.13382139801979065
29,312,295,-0.08801238238811493
30,358,272,0.13478784263134003
31,290,294,-0.13432054221630096
32,346,280,0.11409290134906769
0,289,137,0.045679014176130295
1,289,134,0.025419294834136963
2,289,134,0.025384658947587013
3,289,134,0.025369813665747643
4,291,133,0.05092887952923775
5,292,133,0.05094354972243309
6,293,133,0.050861064344644547
7,293,136,-0.040057048201560974
8,298,134,0.07321472465991974
9,290,141,0.024073245003819466
10,292,140,0.05688159167766571
11,298,152,-0.127891406416893
12,311,151,0.13969683647155762
13,307,186,-0.15048812329769135
14,314,183,0.16887056827545166
15,290,196,-0.09586157649755478
16,304,201,0.13331541419029236
17,286,198,-0.11172549426555634
18,301,205,0.1382790207862854
19,285,196,-0.10473757982254028
20,299,204,0.11868047714233398
21,287,195,-0.09122535586357117
22,300,203,0.12313587218523026
23,322,205,-0.08430707454681396
24,330,203,0.08431974053382874
25,313,245,-0.0877038910984993
26,325,241,0.10801004618406296
27,309,289,-0.07992789894342422
28,350,270,0.1324460506439209
29,312,295,-0.08064809441566467
30,357,273,0.1335630565881729
31,289,294,-0.12539133429527283
32,347,282,0.11179414391517639
0,285,136,0.005033993162214756
1,286,133,-0.012126068584620953
2,286,133,-0.01217226404696703
3,286,134,-0.012188038788735867
4,287,133,0.015223335474729538
5,288,133,0.015242747031152248
6,289,133,0.015163837000727654
7,291,135,-0.060201458632946014
8,294,134,0.06122824177145958
9,287,140,-0.01039391290396452
10,288,140,0.024895481765270233
11,297,152,-0.14078037440776825
12,307,152,0.14167636632919312
13,306,184,-0.16762275993824005
14,308,182,0.16796620190143585
15,290,198,-0.11989645659923553
16,298,201,0.117059126496315
17,287,201,-0.13811315596103668
18,296,205,0.11929748207330704
19,286,199,-0.13309942185878754
20,294,205,0.09845250844955444
21,288,199,-0.11607500165700912
22,295,203,0.10578054934740067
23,321,204,-0.08710537850856781
24,325,202,0.0871032178401947
25,311,245,-0.08587951958179474
26,317,240,0.11470716446638107
27,309,288,-0.0633111223578453
28,342,270,0.1663297563791275
29,312,294,-0.06324344128370285
30,349,274,0.16984544694423676
31,289,294,-0.12297362834215164
32,334,282,0.14932508766651154
0,286,136,0.011998459696769714
1,286,133,-0.005830112379044294
2,286,134,-0.005867485422641039
3,286,134,-0.0058777122758328915
4,287,133,0.020316045731306076
5,288,133,0.02033252641558647
6,289,133,0.02025211974978447
7,290,135,-0.057103995233774185
8,294,134,0.0593639574944973
9,287,140,-0.004488229751586914
10,289,140,0.029234085232019424
11,296,152,-0.14034943282604218
12,307,152,0.13890758156776428
13,304,184,-0.1670011281967163
14,308,183,0.16624490916728973
15,291,200,-0.11333029717206955
16,298,202,0.11959279328584671
17,288,206,-0.12969769537448883
18,296,206,0.12314607203006744
19,287,204,-0.12486792355775833
20,294,206,0.10323291271924973
21,289,202,-0.10950080305337906
22,295,204,0.10889779776334763
23,321,204,-0.08751648664474487
24,326,202,0.08750471472740173
25,311,244,-0.08515674620866776
26,316,239,0.11141606420278549
27,308,288,-0.06129534915089607
28,341,270,0.1551644653081894
29,312,294,-0.06106332689523697
30,349,274,0.15798307955265045
31,289,294,-0.11694597452878952
32,333,283,0.1384684145450592
0,280,136,-0.009903090074658394
1,281,133,-0.027207026258111
2,282,133,-0.0272534117102623
3,282,133,-0.02727346494793892
4,282,133,0.0007116096094250679
5,283,132,0.0007211397751234472
6,284,132,0.000626942899543792
7,287,135,-0.07490601390600204
8,289,134,0.048426248133182526
9,282,139,-0.025465039536356926
10,283,139,0.010382520966231823
11,294,152,-0.15397289395332336
12,301,152,0.133717879652977
13,304,184,-0.17183633148670197
14,307,183,0.15945670008659363
15,291,200,-0.11444655805826187
16,295,202,0.10508069396018982
17,288,204,-0.1327262967824936
18,291,206,0.10855968296527863
19,287,202,-0.12617002427577972
20,289,205,0.08635714650154114
21,288,201,-0.10989779978990555
22,291,204,0.093608058989048
23,319,204,-0.08900585770606995
24,323,202,0.0889921635389328
25,308,244,-0.07553280144929886
26,312,239,0.12811793386936188
27,309,287,-0.031143691390752792
28,330,271,0.19157861173152924
29,313,293,-0.02882683463394642
30,337,275,0.1962619125843048
31,290,294,-0.07410931587219238
32,319,283,0.1758555769920349
0,280,136,0.01444748044013977
1,281,133,-0.0037406107876449823
2,281,133,-0.003773648291826248
3,281,133,-0.003790527582168579
4,283,133,0.023271121084690094
5,283,133,0.023279866203665733
6,284,133,0.023192457854747772
7,285,135,-0.057936958968639374
8,289,134,0.06117504462599754
9,282,139,-0.0033909815829247236
10,284,139,0.031225956976413727
11,293,152,-0.14293727278709412
12,302,151,0.13836443424224854
13,303,184,-0.16082768142223358
14,308,183,0.16534088551998138
15,291,201,-0.10013358294963837
16,296,202,0.11867398023605347
17,288,205,-0.1164223700761795
18,293,206,0.12353533506393433
19,287,203,-0.10987838357686996
20,291,206,0.10261422395706177
21,288,201,-0.09561821818351746
22,293,202,0.1078302413225174
23,319,204,-0.08849839121103287
24,323,202,0.08847890794277191
25,307,244,-0.07057957351207733
26,312,239,0.12325377762317657
27,310,286,-0.032420508563518524
28,329,271,0.17594540119171143
29,313,292,-0.030339784920215607
30,336,276,0.17983998358249664
31,293,293,-0.07040742039680481
32,320,283,0.16127228736877441
0,274,136,0.0016844554338604212
1,276,133,-0.01638011820614338
2,276,134,-0.01641705073416233
3,276,134,-0.016438761726021767
4,277,133,0.012097630649805069
5,278,133,0.012114746496081352
6,279,133,0.012032408267259598
7,280,136,-0.06771036237478256
8,283,134,0.058066368103027344
9,276,140,-0.01524393167346716
10,277,140,0.021340200677514076
11,289,152,-0.15134114027023315
12,297,150,0.13926765322685242
13,301,184,-0.1678396761417389
14,306,182,0.16502268612384796
15,290,202,-0.10020875185728073
16,297,202,0.11162573099136353
17,287,206,-0.11671533435583115
18,295,207,0.11544551700353622
19,285,205,-0.10935421288013458
20,293,207,0.09517432004213333
21,286,204,-0.09513244777917862
22,293,204,0.10107508301734924
23,318,203,-0.09247469156980515
24,319,201,0.09247049689292908
25,302,243,-0.10048223286867142
26,307,237,0.1193108856678009
27,310,285,-0.07486923784017563
28,317,271,0.1826220452785492
29,313,291,-0.07375416159629822
30,331,276,0.18757010996341705
31,293,293,-0.1192820817232132
32,315,283,0.1724250316619873
0,275,136,0.006250146310776472
1,276,134,-0.01169897522777319
2,276,134,-0.011736240237951279
3,276,134,-0.011751819401979446
4,277,133,0.01632150448858738
5,278,133,0.016337458044290543
6,278,134,0.01625259965658188
7,281,136,-0.06261654943227768
8,284,135,0.06115177646279335
9,277,140,-0.010460388846695423
10,278,140,0.02554147318005562
11,289,152,-0.14594298601150513
12,298,150,0.14062631130218506
13,301,184,-0.16482307016849518
14,308,182,0.16268964111804962
15,290,204,-0.09917183965444565
16,303,202,0.1096663773059845
17,287,208,-0.11547944694757462
18,303,207,0.11393463611602783
19,285,206,-0.10755767673254013
20,301,207,0.0942561998963356
21,286,205,-0.09391692280769348
22,301,205,0.09951688349246979
23,318,202,-0.09352406859397888
24,318,200,0.09352558106184006
25,302,242,-0.115786112844944
26,304,236,0.10561183840036392
27,310,284,-0.09990416467189789
28,316,271,0.16492556035518646
29,313,290,-0.09991304576396942
30,330,275,0.1691313236951828
31,293,293,-0.14703549444675446
32,314,283,0.15442034602165222
0,273,144,-0.059003349393606186
1,274,140,-0.07508321851491928
2,274,140,-0.07513324171304703
3,274,140,-0.07516941428184509
4,275,139,-0.04745043069124222
5,275,139,-0.047425005584955215
6,276,138,-0.04747810959815979
7,278,140,-0.11614518612623215
8,280,138,0.006068374961614609
9,275,146,-0.07210886478424072
10,276,146,-0.03653784468770027
11,287,156,-0.18973416090011597
12,294,152,0.10169726610183716
13,299,189,-0.2154850959777832
14,304,185,0.13285870850086212
15,287,210,-0.17626334726810455
16,300,206,0.07703011482954025
17,285,215,-0.20360547304153442
18,300,210,0.08118641376495361
19,283,213,-0.19336852431297302
20,297,210,0.05596053600311279
21,284,212,-0.17077361047267914
22,297,208,0.06487541645765305
23,317,203,-0.09265055507421494
24,317,201,0.09262796491384506
25,300,242,-0.08046545088291168
26,304,237,0.15254607796669006
27,308,284,-0.03163158521056175
28,315,271,0.2351517677307129
29,311,290,-0.029684046283364296
30,321,276,0.24150660634040833
31,289,293,-0.08017263561487198
32,301,281,0.2221018224954605
0,273,143,-0.03766102343797684
1,274,139,-0.05392397940158844
2,274,140,-0.053974002599716187
3,274,140,-0.053999386727809906
4,274,139,-0.026032568886876106
5,275,139,-0.026008587330579758
6,275,138,-0.026074010878801346
7,278,140,-0.09718827903270721
8,280,138,0.025785259902477264
9,275,146,-0.05173148587346077
10,276,146,-0.015847891569137573
11,287,156,-0.17593474686145782
12,295,152,0.11780934780836105
13,299,189,-0.20946022868156433
14,303,185,0.14963896572589874
15,287,210,-0.17956064641475677
16,296,207,0.09683705866336823
17,285,215,-0.20668454468250275
18,295,211,0.10130554437637329
19,283,214,-0.19714988768100739
20,293,212,0.07613673806190491
21,284,213,-0.17439158260822296
22,293,210,0.08459121733903885
23,317,203,-0.09202494472265244
24,317,202,0.09202637523412704
25,298,242,-0.08483044803142548
26,302,237,0.13472197949886322
27,307,285,-0.045662958174943924
28,310,275,0.2019691914319992
29,311,290,-0.044366877526044846
30,315,282,0.2068781852722168
31,288,293,-0.09127943217754364
32,298,281,0.1879797726869583
0,270,145,-0.06943308562040329
1,271,141,-0.08429677784442902
2,271,141,-0.08434295654296875
3,271,141,-0.08436872810125351
4,272,140,-0.05687759071588516
5,273,140,-0.05686097964644432
6,273,140,-0.056912876665592194
7,275,142,-0.1208830401301384
8,277,140,3.290757740614936e-05
9,272,148,-0.08153264969587326
10,272,148,-0.046255312860012054
11,284,159,-0.19420373439788818
12,289,157,0.09570987522602081
13,296,191,-0.22875018417835236
14,298,188,0.1280185580253601
15,284,215,-0.21023234724998474
16,290,212,0.07200835645198822
17,282,220,-0.2400778979063034
18,288,217,0.07568973302841187
19,281,219,-0.23072369396686554
20,286,217,0.04900062084197998
21,282,217,-0.20572529733181
22,286,215,0.059004150331020355
23,315,205,-0.09194658696651459
24,314,204,0.09193753451108932
25,295,242,-0.0797816663980484
26,295,237,0.1138925850391388
27,303,285,-0.02396182157099247
28,300,275,0.18561576306819916
29,307,290,-0.021221492439508438
30,305,281,0.18975400924682617
31,283,293,-0.07337572425603867
32,285,282,0.172810897231102
0,269,145,-0.06942680478096008
1,271,141,-0.08478154242038727
2,271,141,-0.0848308801651001
3,271,141,-0.08486318588256836
4,272,140,-0.05687636137008667
5,272,140,-0.05686008557677269
6,273,140,-0.05691735818982124
7,275,142,-0.12297415733337402
8,277,141,7.643813296454027e-05
9,271,148,-0.08205929398536682
10,272,148,-0.04612591490149498
11,284,160,-0.19689761102199554
12,289,157,0.0974770188331604
13,296,192,-0.22883211076259613
14,298,189,0.1292136162519455
15,284,216,-0.20715923607349396
16,290,213,0.07220238447189331
17,282,221,-0.2369430959224701
18,288,217,0.07593700289726257
19,281,220,-0.2268882393836975
20,285,217,0.04940545931458473
21,281,219,-0.2022312879562378
22,286,216,0.05920431390404701
23,315,206,-0.09157677739858627
24,313,204,0.09156709164381027
25,294,243,-0.07780270278453827
26,295,238,0.10872985422611237
27,301,285,-0.01596236601471901
28,299,276,0.18156716227531433
29,306,290,-0.012331150472164154
30,305,283,0.18629463016986847
31,281,292,-0.06204437091946602
32,285,285,0.1654359996318817
0,270,144,-0.04017920792102814
1,271,141,-0.0572432316839695
2,271,141,-0.057280026376247406
3,271,141,-0.057305652648210526
4,272,141,-0.0299063790589571
5,272,140,-0.029890431091189384
6,273,140,-0.029951678588986397
7,274,143,-0.11290055513381958
8,277,141,0.005395239219069481
9,271,148,-0.05558236315846443
10,272,148,-0.020504815503954887
11,283,160,-0.17501749098300934
12,288,159,0.10468964278697968
13,292,193,-0.2069087028503418
14,294,190,0.14004109799861908
15,280,216,-0.17215858399868011
16,285,214,0.0878855362534523
17,279,220,-0.19662633538246155
18,283,218,0.09184347093105316
19,277,220,-0.1879897266626358
20,281,219,0.06823302805423737
21,278,219,-0.1673821657896042
22,282,217,0.07607492804527283
23,314,206,-0.09051528573036194
24,310,205,0.09053024649620056
25,297,245,-0.104407899081707
26,283,235,0.10629771649837494
27,301,285,-0.07706262916326523
28,293,266,0.19135460257530212
29,305,291,-0.07691347599029541
30,298,271,0.1981009989976883
31,281,292,-0.13402099907398224
32,279,275,0.18298831582069397
0,270,145,-0.03217598423361778
1,271,142,-0.04888210445642471
2,271,142,-0.04892515018582344
3,271,142,-0.04894902929663658
4,271,142,-0.02172042429447174
5,272,141,-0.021706216037273407
6,273,141,-0.02177784964442253
7,275,144,-0.10655700415372849
8,277,142,0.016697224229574203
9,271,148,-0.047166354954242706
10,272,148,-0.012203884311020374
11,283,160,-0.1625136435031891
12,287,159,0.11112330108880997
13,292,193,-0.18892192840576172
14,293,190,0.13974548876285553
15,280,215,-0.16379354894161224
16,283,213,0.08812730014324188
17,279,220,-0.18842560052871704
18,283,218,0.0920872837305069
19,278,220,-0.17846974730491638
20,281,218,0.06973855197429657
21,279,219,-0.15837650001049042
22,281,216,0.07686710357666016
23,313,207,-0.08824490755796432
24,309,205,0.08828049898147583
25,298,246,-0.11472396552562714
26,281,234,0.10565145313739777
27,300,285,-0.09639086574316025
28,291,263,0.19328245520591736
29,305,291,-0.09704986959695816
30,296,267,0.2001405954360962
31,281,292,-0.15297383069992065
32,277,273,0.18669891357421875
