0,175,153,0.11341983079910278
1,174,150,0.08522940427064896
2,173,150,0.08519688993692398
3,172,151,0.08516743034124374
4,177,150,0.09559275954961777
5,178,150,0.09555985778570175
6,180,150,0.09546291083097458
7,171,153,-0.012416169047355652
8,183,152,0.0325639434158802
9,174,156,0.08235328644514084
10,178,156,0.09522304683923721
11,163,173,-0.084206722676754
12,195,170,0.04401358962059021
13,158,204,-0.03653361648321152
14,189,196,0.08409270644187927
15,157,203,0.09274497628211975
16,177,204,0.12438121438026428
17,155,202,0.09440349042415619
18,174,207,0.13485580682754517
19,157,201,0.09801240265369415
20,173,205,0.1280568540096283
21,157,199,0.09694397449493408
22,173,203,0.12213832885026932
23,176,229,-0.05038470774888992
24,194,227,0.050412241369485855
25,166,263,-0.01564617082476616
26,182,257,0.11211354285478592
27,154,297,0.035884518176317215
28,188,291,0.16385574638843536
29,162,307,0.04092906042933464
30,190,294,0.1692029982805252
31,153,297,0.023499729111790657
32,186,297,0.15869846940040588
0,175,153,0.10711102187633514
1,174,150,0.07881946861743927
2,173,150,0.07879334688186646
3,172,151,0.07876930385828018
4,177,150,0.08862098306417465
5,178,150,0.08858072757720947
6,180,150,0.08849692344665527
7,171,153,-0.01810694858431816
8,182,152,0.02439676783978939
9,174,156,0.0764920562505722
10,178,156,0.08872382342815399
11,162,173,-0.08489647507667542
12,194,169,0.037718452513217926
13,157,201,-0.043985553085803986
14,187,193,0.06105121225118637
15,156,195,0.0719362273812294
16,173,199,0.0801551342010498
17,154,194,0.07172419130802155
18,170,201,0.09018631279468536
19,157,191,0.07765175402164459
20,170,199,0.08527838438749313
21,157,193,0.07694941014051437
22,170,198,0.07866775244474411
23,175,229,-0.049835432320833206
24,193,227,0.04984276741743088
25,166,263,0.007306462619453669
26,181,257,0.14525531232357025
27,153,296,0.01973581314086914
28,188,291,0.17191746830940247
29,155,300,0.02043221704661846
30,190,293,0.17527389526367188
31,152,297,0.0009712534374557436
32,186,297,0.1650557518005371
0,175,152,0.07658160477876663
1,173,149,0.04706917330622673
2,172,149,0.04706162214279175
3,171,150,0.04706146940588951
4,177,149,0.06051989644765854
5,178,149,0.06047401577234268
6,179,149,0.060383472591638565
7,170,152,-0.04892254248261452
8,182,151,0.009548299945890903
9,174,155,0.04681956395506859
10,177,154,0.06367776542901993
11,162,172,-0.10799870640039444
12,192,167,0.03840591385960579
13,155,195,-0.05888296291232109
14,183,183,0.12121976912021637
15,154,175,0.0678853839635849
16,168,173,0.21133166551589966
17,150,172,0.07038150727748871
18,165,171,0.2306019812822342
19,153,170,0.0736335963010788
20,164,170,0.22158847749233246
21,154,171,0.07284402847290039
22,164,171,0.21012869477272034
23,174,229,-0.05240120366215706
24,192,227,0.05233301222324371
25,166,263,0.008947957307100296
26,180,258,0.1448804885149002
27,153,296,0.00877454224973917
28,188,291,0.16570810973644257
29,154,300,0.009179236367344856
30,190,294,0.1670905351638794
31,151,298,-0.00823618657886982
32,186,298,0.1565435528755188
0,165,149,0.05100994557142258
1,164,146,0.02275424264371395
2,164,146,0.022744858637452126
3,163,146,0.022752325981855392
4,167,145,0.04196891188621521
5,168,145,0.04195622727274895
6,169,145,0.04188790172338486
7,165,148,-0.06684182584285736
8,173,148,0.014761446975171566
9,166,153,0.02266034670174122
10,168,152,0.04718814045190811
11,162,168,-0.12595289945602417
12,191,164,0.03977181389927864
13,155,189,-0.14342616498470306
14,183,187,0.08631236106157303
15,154,165,-0.08404555916786194
16,170,186,0.09956397116184235
17,151,159,-0.09321557730436325
18,170,186,0.11164068430662155
19,153,157,-0.08435574173927307
20,169,185,0.10250265151262283
21,155,161,-0.07864002138376236
22,168,185,0.09658736735582352
23,173,225,-0.052481167018413544
24,191,224,0.052396707236766815
25,165,262,0.026779484003782272
26,180,256,0.14104358851909637
27,154,294,-0.011809563264250755
28,188,291,0.08661691099405289
29,154,297,-0.016654862090945244
30,190,293,0.08044389635324478
31,150,296,-0.04249922186136246
32,186,298,0.058607738465070724
0,162,143,0.049169160425662994
1,161,140,0.020663999021053314
2,161,140,0.02063339576125145
3,160,140,0.02062862552702427
4,163,139,0.0406862236559391
5,164,138,0.040682654827833176
6,165,138,0.04060714691877365
7,162,142,-0.06678835302591324
8,172,140,0.017444433644413948
9,163,147,0.02212962694466114
10,165,146,0.047867342829704285
11,162,161,-0.12016725540161133
12,190,158,0.04622667282819748
13,153,177,-0.14231990277767181
14,184,178,0.12418625503778458
15,154,156,-0.08222838491201401
16,172,171,0.20555056631565094
17,152,150,-0.08882712572813034
18,172,168,0.22390125691890717
19,155,150,-0.0864061713218689
20,169,162,0.2181912511587143
21,156,152,-0.07914789766073227
22,168,166,0.2049688845872879
23,172,220,-0.05050167441368103
24,190,218,0.0503864549100399
25,165,259,0.04381822794675827
26,180,255,0.10959950089454651
27,154,292,0.04029162600636482
28,189,291,0.06530613452196121
29,154,296,0.03854319080710411
30,191,294,0.06066570803523064
31,150,292,0.014157101511955261
32,186,298,0.0355319045484066
0,165,134,0.06379315257072449
1,164,130,0.0354929082095623
2,163,130,0.03543558716773987
3,162,131,0.03543223440647125
4,166,129,0.05646118149161339
5,167,129,0.056440260261297226
6,168,128,0.05636022984981537
7,163,133,-0.0663895457983017
8,172,130,0.007986187003552914
9,165,138,0.02914569526910782
10,168,137,0.06045128032565117
11,160,155,-0.07861494272947311
12,190,151,0.011883070692420006
13,153,168,-0.02322862111032009
14,187,165,0.10204573720693588
15,154,149,0.08161094039678574
16,186,153,0.1911628246307373
17,153,144,0.08879857510328293
18,188,151,0.20620961487293243
19,157,143,0.08217320591211319
20,187,150,0.20372501015663147
21,158,145,0.08268631994724274
22,185,151,0.19301213324069977
23,171,214,-0.035495541989803314
24,189,213,0.035376470535993576
25,165,255,0.01276670303195715
26,181,250,0.07467319071292877
27,153,291,0.0038737852592021227
28,189,289,0.06361932307481766
29,152,295,0.0033782736863940954
30,191,294,0.062336042523384094
31,150,291,-0.02111686021089554
32,187,295,0.03985987603664398
0,166,123,0.11766961216926575
1,165,120,0.08858992904424667
2,164,120,0.08860251307487488
3,164,121,0.08860033005475998
4,168,120,0.09656959772109985
5,169,119,0.09655192494392395
6,170,119,0.09644345194101334
7,164,124,-0.007159452885389328
8,174,123,0.023692157119512558
9,166,128,0.08894667029380798
10,169,127,0.09893307834863663
11,160,148,-0.02877664566040039
12,190,144,0.02177705429494381
13,149,152,0.07439693808555603
14,189,143,0.13331559300422668
15,157,135,0.2163013368844986
16,185,126,0.28464922308921814
17,158,127,0.23259608447551727
18,186,123,0.30899757146835327
19,160,130,0.2231038361787796
20,185,122,0.3018016517162323
21,160,131,0.21720217168331146
22,182,124,0.28661707043647766
23,169,208,-0.021392714232206345
24,188,207,0.021105021238327026
25,164,250,0.014108722098171711
26,183,248,0.06509491801261902
27,153,289,-0.008400610648095608
28,190,289,0.04251692444086075
29,152,293,-0.009893788956105709
30,191,293,0.04060078412294388
31,150,291,-0.02150910533964634
32,188,294,0.021893393248319626
0,167,114,0.1178174614906311
1,166,109,0.09138286113739014
2,165,109,0.0913897454738617
3,164,110,0.09138672053813934
4,168,108,0.09864065051078796
5,170,108,0.09862400591373444
6,171,108,0.09851596504449844
7,164,115,0.003744470188394189
8,174,112,0.032557424157857895
9,167,119,0.0911676362156868
10,170,119,0.09993546456098557
11,160,138,-0.01578478142619133
12,189,136,0.02267616055905819
13,150,137,0.052774492651224136
14,188,128,0.117202527821064
15,160,111,0.14738692343235016
16,180,111,0.2322569191455841
17,161,104,0.1539893001317978
18,180,107,0.24784883856773376
19,164,104,0.1456376165151596
20,178,108,0.2386847585439682
21,165,108,0.14677540957927704
22,176,109,0.23179826140403748
23,169,200,-0.010055974125862122
24,188,200,0.009758737869560719
25,163,243,0.019204841926693916
26,184,242,0.024869045242667198
27,153,282,0.0018842266872525215
28,191,288,-0.007291190326213837
29,153,287,0.0015486575430259109
30,192,292,-0.010487474501132965
31,151,287,-0.014113460667431355
32,195,294,-0.04371408745646477
0,168,108,0.14550405740737915
1,166,104,0.11867867410182953
2,165,104,0.11871118098497391
3,164,104,0.11872224509716034
4,169,103,0.12426120787858963
5,170,102,0.12426119297742844
6,171,102,0.12414641678333282
7,164,109,0.030117306858301163
8,175,107,0.05236867815256119
9,168,113,0.1191755011677742
10,171,111,0.12533774971961975
11,160,132,0.007296033203601837
12,189,126,0.025730377063155174
13,150,131,0.0812271237373352
14,188,116,0.11124017834663391
15,161,103,0.16311033070087433
16,180,98,0.22300049662590027
17,161,98,0.16710060834884644
18,179,94,0.23687109351158142
19,166,98,0.15846599638462067
20,178,95,0.22715285420417786
21,166,100,0.1617417335510254
22,175,96,0.22256803512573242
23,169,194,-0.004859641660004854
24,187,194,0.004506122320890427
25,162,240,-0.0023831005673855543
26,184,238,0.0264996737241745
27,152,286,-0.016803700476884842
28,191,287,0.009871665388345718
29,152,291,-0.017801789566874504
30,192,291,0.008115392178297043
31,151,288,-0.04064560681581497
32,194,293,-0.0223709587007761
0,169,114,0.15163837373256683
1,168,111,0.12812934815883636
2,167,111,0.1281617283821106
3,165,111,0.12818282842636108
4,171,110,0.12841306626796722
5,172,110,0.12839004397392273
6,173,110,0.12829577922821045
7,165,113,0.04664290323853493
8,176,113,0.047151219099760056
9,168,118,0.12741930782794952
10,172,117,0.12699519097805023
11,160,131,0.02688026614487171
12,188,127,0.0034341022837907076
13,150,117,0.0625908151268959
14,187,109,0.03823457658290863
15,160,96,0.10301320254802704
16,179,90,0.08270413428544998
17,160,87,0.094416044652462
18,178,81,0.08128038048744202
19,166,87,0.08166319131851196
20,177,81,0.07351495325565338
21,165,89,0.09451741725206375
22,175,88,0.08118486404418945
23,170,191,0.013334862887859344
24,187,191,-0.0136448685079813
25,162,236,0.0013364512706175447
26,184,234,0.00275333970785141
27,153,282,-0.02780531533062458
28,191,282,-0.03461439162492752
29,153,288,-0.0315355621278286
30,192,287,-0.03789684176445007
31,152,289,-0.06823998689651489
32,193,291,-0.07887514680624008
0,170,109,0.17602020502090454
1,168,106,0.1526513397693634
2,167,106,0.15268167853355408
3,166,106,0.15268680453300476
4,172,106,0.15105104446411133
5,173,106,0.1510341763496399
6,174,106,0.15094557404518127
7,165,109,0.06887075304985046
8,177,109,0.05986800417304039
9,169,113,0.15100336074829102
10,172,112,0.14807036519050598
11,160,126,0.05312991142272949
12,189,122,0.004935272037982941
13,151,109,0.10132817178964615
14,187,100,0.0254362802952528
15,160,87,0.11938226222991943
16,179,75,0.056197889149188995
17,160,82,0.1127883642911911
18,179,72,0.049446217715740204
19,164,80,0.09936845302581787
20,177,72,0.040781598538160324
21,165,84,0.113120436668396
22,175,73,0.05375976487994194
23,169,187,0.018280133605003357
24,187,187,-0.018536187708377838
25,160,235,5.315405724104494e-05
26,184,229,-0.002225829754024744
27,153,284,-0.013491657562553883
28,191,279,-0.009378666058182716
29,153,290,-0.015040642581880093
30,191,284,-0.010028161108493805
31,150,290,-0.05045221000909805
32,192,291,-0.05263112112879753
0,171,102,0.172385573387146
1,169,100,0.14960888028144836
2,168,101,0.14962631464004517
3,166,101,0.14964832365512848
4,173,100,0.1477384716272354
5,174,100,0.14772632718086243
6,175,100,0.14764133095741272
7,165,104,0.06701502948999405
8,178,103,0.05689755454659462
9,169,106,0.14804190397262573
10,173,106,0.14467290043830872
11,160,121,0.04718996211886406
12,188,118,0.0030678350012749434
13,153,104,0.07797270268201828
14,188,93,0.0172455795109272
15,160,84,0.07098640501499176
16,182,64,0.03980274125933647
17,159,77,0.06294721364974976
18,182,57,0.03263231739401817
19,164,77,0.05233434587717056
20,178,58,0.026592012494802475
21,164,79,0.06528161466121674
22,177,61,0.038587331771850586
23,169,182,0.015250549651682377
24,187,182,-0.015564369969069958
25,160,230,-0.0025461832992732525
26,184,225,0.0016483973013237119
27,156,282,-0.03134129196405411
28,190,277,-0.026969410479068756
29,156,289,-0.034544654190540314
30,190,282,-0.02965456247329712
31,156,290,-0.07265862077474594
32,189,290,-0.07382633537054062
0,173,98,0.17767858505249023
1,171,97,0.1514773666858673
2,170,97,0.15153729915618896
3,168,97,0.15154686570167542
4,175,97,0.15305717289447784
5,176,97,0.15302832424640656
6,177,97,0.15292228758335114
7,166,101,0.06015629321336746
8,179,100,0.06489668041467667
9,171,102,0.1505240797996521
10,175,102,0.1513572335243225
11,159,115,0.043798886239528656
12,189,114,0.009054206311702728
13,155,101,0.1387082189321518
14,189,95,0.06350835412740707
15,161,80,0.22051820158958435
16,186,70,0.1560606211423874
17,158,75,0.2319198101758957
18,187,65,0.16078466176986694
19,163,75,0.21934325993061066
20,183,66,0.15213440358638763
21,164,76,0.21821528673171997
22,182,68,0.15639567375183105
23,169,181,0.008382858708500862
24,186,180,-0.008691146969795227
25,160,228,-0.01843114383518696
26,184,223,0.012835347093641758
27,158,282,-0.04610211029648781
28,190,276,-0.004938894882798195
29,159,289,-0.04829036071896553
30,190,282,-0.006212815176695585
31,155,289,-0.07902558147907257
32,189,288,-0.03696276992559433
0,173,101,0.20090198516845703
1,171,100,0.17715172469615936
2,170,100,0.1772340089082718
3,168,100,0.17723500728607178
4,175,99,0.1791764199733734
5,176,100,0.17912675440311432
6,177,100,0.17903932929039001
7,166,103,0.08764135092496872
8,179,103,0.09484992921352386
9,171,104,0.17339228093624115
10,175,104,0.17473310232162476
11,159,117,0.0698576495051384
12,189,116,0.03827585652470589
13,157,102,0.16310431063175201
14,189,98,0.11452869325876236
15,161,78,0.25247782468795776
16,188,74,0.22335681319236755
17,157,74,0.2680046856403351
18,191,70,0.2329367846250534
19,163,73,0.2560586929321289
20,187,69,0.22709278762340546
21,163,75,0.25058573484420776
22,185,71,0.2249085158109665
23,169,180,0.007154203485697508
24,186,180,-0.0074704852886497974
25,160,227,-0.028307270258665085
26,184,222,0.0038392087444663048
27,159,279,-0.06647476553916931
28,189,276,-0.03634173050522804
29,161,287,-0.0686800479888916
30,189,283,-0.03946949914097786
31,156,288,-0.09695931524038315
32,184,288,-0.07174596935510635
0,173,100,0.19580456614494324
1,171,99,0.17168650031089783
2,170,100,0.1717551052570343
3,168,100,0.17174801230430603
4,174,99,0.17335957288742065
5,176,99,0.17330853641033173
6,177,100,0.1732257604598999
7,166,103,0.08486632257699966
8,179,103,0.09114181250333786
9,171,104,0.16992934048175812
10,175,104,0.1709904819726944
11,159,116,0.06526349484920502
12,189,115,0.04204428195953369
13,156,103,0.17317987978458405
14,190,98,0.12378889322280884
15,161,80,0.29266586899757385
16,189,73,0.24107229709625244
17,157,75,0.31057044863700867
18,190,69,0.2505861520767212
19,162,74,0.29842227697372437
20,187,69,0.24510718882083893
21,163,76,0.2913634181022644
22,185,71,0.24265840649604797
23,169,180,0.0032467832788825035
24,185,180,-0.003547966480255127
25,160,227,-0.025722486898303032
26,183,223,0.009294122457504272
27,161,280,-0.05839844420552254
28,186,275,-0.02337903156876564
29,165,288,-0.06075704097747803
30,187,283,-0.026018643751740456
31,161,289,-0.09130669385194778
32,182,287,-0.055696725845336914
0,173,103,0.1901959329843521
1,171,102,0.166421577334404
2,170,102,0.16649842262268066
3,168,102,0.16649946570396423
4,174,102,0.16698862612247467
5,176,102,0.1669422835111618
6,177,102,0.166849747300148
7,166,104,0.08080027997493744
8,179,105,0.08234239369630814
9,171,106,0.1647907942533493
10,175,106,0.1643724888563156
11,159,118,0.06209864839911461
12,188,117,0.03753700107336044
13,156,103,0.1577039510011673
14,191,99,0.11089905351400375
15,161,80,0.2430741935968399
16,189,75,0.20266777276992798
17,158,76,0.25543755292892456
18,191,70,0.21004199981689453
19,162,76,0.2416912317276001
20,187,70,0.20491980016231537
21,164,77,0.2400314211845398
22,186,72,0.20407859981060028
23,168,182,0.004892716184258461
24,185,182,-0.005193112883716822
25,160,229,-0.026199406012892723
26,182,224,0.008289785124361515
27,161,281,-0.05872924625873566
28,186,275,-0.021280989050865173
29,164,288,-0.06098898500204086
30,187,283,-0.02353389747440815
31,162,290,-0.09033114463090897
32,182,288,-0.05341699719429016
0,174,105,0.19083617627620697
1,172,103,0.16837550699710846
2,171,103,0.16845804452896118
3,169,104,0.1684652417898178
4,176,103,0.16675636172294617
5,177,103,0.16670732200145721
6,178,104,0.1666029393672943
7,167,106,0.08739740401506424
8,180,107,0.07889903336763382
9,172,108,0.16679511964321136
10,176,108,0.1635379046201706
11,159,120,0.07303214818239212
12,189,120,0.025441110134124756
13,157,102,0.14439287781715393
14,192,100,0.07838242501020432
15,162,80,0.2150346040725708
16,190,77,0.15507622063159943
17,158,76,0.20952263474464417
18,192,72,0.1548260897397995
19,163,76,0.1864660233259201
20,188,73,0.1511474996805191
21,165,78,0.19909723103046417
22,187,75,0.15677082538604736
23,168,183,0.016285520046949387
24,185,184,-0.01654106378555298
25,160,231,-0.025004055351018906
26,182,226,-0.0053366729989647865
27,161,281,-0.05768795683979988
28,186,276,-0.022237131372094154
29,163,288,-0.06032941862940788
30,186,283,-0.023656150326132774
31,162,291,-0.08057846128940582
32,182,288,-0.060085978358983994
0,174,106,0.15675975382328033
1,172,104,0.13486045598983765
2,171,105,0.13496704399585724
3,169,105,0.13497309386730194
4,176,104,0.13386383652687073
5,177,104,0.13381311297416687
6,178,104,0.1337086707353592
7,167,107,0.0595686212182045
8,180,107,0.052235931158065796
9,172,110,0.13439138233661652
10,176,110,0.13193927705287933
11,159,122,0.05407407879829407
12,189,122,-0.002181502990424633
13,157,106,0.154335156083107
14,193,105,0.0714583620429039
15,162,85,0.2463414967060089
16,191,82,0.18453910946846008
17,159,81,0.26176416873931885
18,193,78,0.1947162002325058
19,163,81,0.24674920737743378
20,189,78,0.19144907593727112
21,165,83,0.24268878996372223
22,188,80,0.18801631033420563
23,167,185,0.019554052501916885
24,185,185,-0.019890394061803818
25,160,231,-0.02139228954911232
26,182,227,0.00540351215749979
27,162,284,-0.05928114056587219
28,185,274,-0.013591950759291649
29,164,290,-0.06233234331011772
30,186,281,-0.01626354455947876
31,165,294,-0.09049010276794434
32,182,288,-0.05520433187484741
0,175,109,0.14768549799919128
1,172,108,0.12623441219329834
2,171,108,0.1263120025396347
3,170,108,0.12632887065410614
4,176,107,0.12408988922834396
5,177,108,0.12405957281589508
6,178,108,0.12395967543125153
7,167,112,0.051913049072027206
8,180,111,0.03863426670432091
9,172,113,0.1253231167793274
10,176,113,0.12128198146820068
11,159,124,0.04908556118607521
12,189,126,-0.01541433297097683
13,157,108,0.09992625564336777
14,193,105,0.012216748669743538
15,163,86,0.10908179730176926
16,194,85,0.05327203497290611
17,160,83,0.10882250964641571
18,195,81,0.049664199352264404
19,164,82,0.09594480693340302
20,191,81,0.044646792113780975
21,166,84,0.1037149578332901
22,190,83,0.053164418786764145
23,167,190,0.018924757838249207
24,185,190,-0.019169745966792107
25,161,235,-0.019628388807177544
26,182,231,0.009870195761322975
27,162,288,-0.05708376690745354
28,185,275,-0.009242604486644268
29,164,291,-0.06050979346036911
30,185,281,-0.011350980028510094
31,165,297,-0.09922647476196289
32,186,290,-0.048570774495601654
0,175,116,0.11501067131757736
1,172,113,0.09301167726516724
2,171,114,0.09305528551340103
3,169,114,0.09307873249053955
4,176,113,0.09257685393095016
5,177,113,0.09255973249673843
6,178,114,0.09248627722263336
7,167,117,0.016153976321220398
8,180,117,0.011883266270160675
9,172,120,0.09219474345445633
10,176,120,0.09056173264980316
11,159,132,0.005225935485213995
12,189,132,-0.03015972301363945
13,157,111,0.06904422491788864
14,195,113,-0.0076504177413880825
15,164,92,0.10190945863723755
16,196,87,0.02522720769047737
17,163,86,0.10688192397356033
18,197,82,0.024844978004693985
19,166,85,0.09561040252447128
20,193,83,0.019971860572695732
21,168,88,0.0984930545091629
22,192,85,0.025134382769465446
