0,327,136,-0.15364782512187958
1,321,131,-0.1966092437505722
2,318,131,-0.19664618372917175
3,315,132,-0.1967594176530838
4,329,130,-0.1933363676071167
5,331,130,-0.1933584213256836
6,333,130,-0.193485289812088
7,313,137,-0.2892647087574005
8,334,134,-0.2755511701107025
9,322,144,-0.17224501073360443
10,331,143,-0.16798368096351624
11,289,185,-0.2587905824184418
12,370,169,-0.2422151267528534
13,286,225,-0.06889067590236664
14,388,208,-0.05522207170724869
15,303,203,0.1756397783756256
16,374,212,0.15196247398853302
17,299,202,0.1885427087545395
18,375,215,0.16517509520053864
19,309,197,0.1825927197933197
20,370,212,0.15331502258777618
21,312,198,0.17977696657180786
22,367,213,0.15194271504878998
23,335,270,0.010144173167645931
24,376,262,-0.010023525916039944
25,342,292,0.35438627004623413
26,400,294,0.3077879548072815
27,359,326,0.6875016689300537
28,396,344,0.6051779985427856
29,364,335,0.7269675135612488
30,394,354,0.6400150060653687
31,357,315,0.7856756448745728
32,398,342,0.6762041449546814
0,326,136,-0.08435359597206116
1,320,131,-0.12663233280181885
2,317,131,-0.1266847401857376
3,314,132,-0.1267656683921814
4,328,130,-0.125237375497818
5,330,130,-0.1252312958240509
6,332,130,-0.12536843121051788
7,312,136,-0.22778978943824768
8,333,133,-0.22385936975479126
9,322,144,-0.10708422213792801
10,331,143,-0.1057298332452774
11,288,184,-0.22343358397483826
12,364,167,-0.19259896874427795
13,287,225,-0.0714769959449768
14,386,204,-0.022312220185995102
15,304,202,0.11210235208272934
16,365,202,0.1785295158624649
17,304,197,0.11636895686388016
18,362,202,0.19235962629318237
19,312,191,0.10774953663349152
20,356,199,0.18162447214126587
21,315,194,0.11345897614955902
22,355,200,0.17914564907550812
23,336,274,0.005804083310067654
24,376,264,-0.005693285260349512
25,350,314,0.29548847675323486
26,397,313,0.2531929612159729
27,373,360,0.5503346920013428
28,397,374,0.47648677229881287
29,380,370,0.5792078375816345
30,396,386,0.5013132691383362
31,373,358,0.6105372309684753
32,400,378,0.5050318241119385
0,321,136,0.05733812227845192
1,316,131,0.013265996240079403
2,313,131,0.013216539286077023
3,310,132,0.013124736025929451
4,323,130,0.019570378586649895
5,325,130,0.019578425213694572
6,327,129,0.019438156858086586
7,308,136,-0.1145864799618721
8,329,133,-0.08758966624736786
9,317,143,0.02321440912783146
10,326,143,0.031122736632823944
11,284,185,-0.1440182775259018
12,365,169,-0.07318471372127533
13,287,234,-0.0210897047072649
14,385,210,0.10434093326330185
15,305,202,0.16049979627132416
16,366,207,0.31327080726623535
17,306,197,0.16596363484859467
18,363,209,0.3309847116470337
19,315,190,0.15888123214244843
20,357,204,0.3266279995441437
21,316,193,0.16214527189731598
22,356,205,0.3161633610725403
23,337,284,-0.01932128705084324
24,377,275,0.019361702725291252
25,345,321,0.2790714204311371
26,394,326,0.2727981507778168
27,371,373,0.4741543233394623
28,396,386,0.4477813243865967
29,379,381,0.4983130097389221
30,396,395,0.4668688476085663
31,369,381,0.5416927337646484
32,396,398,0.4786180555820465
0,318,136,0.09850727766752243
1,313,131,0.04908006638288498
2,310,131,0.049041248857975006
3,308,132,0.0489475280046463
4,320,130,0.05933258309960365
5,323,130,0.05936315655708313
6,325,129,0.05918043851852417
7,306,136,-0.0985545739531517
8,327,133,-0.054861657321453094
9,315,143,0.05712417885661125
10,323,142,0.06974039226770401
11,284,185,-0.14405557513237
12,365,171,-0.042679108679294586
13,288,235,-0.006822782102972269
14,385,214,0.1612875610589981
15,307,202,0.22780698537826538
16,366,209,0.4112352430820465
17,309,197,0.23972034454345703
18,364,211,0.4337466061115265
19,317,190,0.2315167784690857
20,359,205,0.4271028935909271
21,318,193,0.2300487607717514
22,357,205,0.41328561305999756
23,339,291,-0.03498126193881035
24,379,282,0.03529472276568413
25,347,336,0.2024855762720108
26,388,345,0.22682592272758484
27,373,403,0.4585152566432953
28,395,417,0.4367080330848694
29,381,414,0.4868658185005188
30,396,430,0.4585609436035156
31,367,414,0.5028018355369568
32,393,426,0.436217725276947
0,313,136,0.12697280943393707
1,309,131,0.07437854260206223
2,307,132,0.07432969659566879
3,305,132,0.07421257346868515
4,316,130,0.08550957590341568
5,319,130,0.08555922657251358
6,321,129,0.08537061512470245
7,304,136,-0.0852731466293335
8,325,133,-0.03801604360342026
9,311,143,0.08123697340488434
10,319,143,0.09495396167039871
11,283,186,-0.13823816180229187
12,366,172,-0.033495817333459854
13,288,236,-0.0008066025911830366
14,385,215,0.16164159774780273
15,308,203,0.24229001998901367
16,366,209,0.40967801213264465
17,311,197,0.2582273781299591
18,364,211,0.4358902871608734
19,319,190,0.24912285804748535
20,359,205,0.42945197224617004
21,320,193,0.24459411203861237
22,357,206,0.41180679202079773
23,339,294,-0.039273519068956375
24,380,287,0.03961337357759476
25,352,345,0.17642560601234436
26,386,351,0.20648835599422455
27,376,416,0.40059995651245117
28,395,425,0.39018550515174866
29,385,428,0.42455992102622986
30,396,438,0.4094368517398834
31,367,427,0.4366328716278076
32,391,434,0.3883889615535736
0,310,136,0.16053429245948792
1,305,131,0.10662110894918442
2,303,132,0.10654836893081665
3,300,133,0.10643237084150314
4,313,130,0.11438250541687012
5,316,130,0.11443359404802322
6,318,129,0.11423970013856888
7,299,137,-0.06188645586371422
8,323,133,-0.028763307258486748
9,307,143,0.1115977093577385
10,316,142,0.12127582728862762
11,280,186,-0.12876850366592407
12,364,172,-0.038643840700387955
13,288,244,-0.008719285950064659
14,390,225,0.13048304617404938
15,308,215,0.2212265580892563
16,365,211,0.3648989200592041
17,310,209,0.23568058013916016
18,365,212,0.3955368995666504
19,319,199,0.2322351187467575
20,359,206,0.39095622301101685
21,320,201,0.22515630722045898
22,357,207,0.3679797649383545
23,339,297,-0.03506779670715332
24,380,290,0.03546437621116638
25,358,362,0.15872545540332794
26,385,366,0.18688282370567322
27,382,435,0.3709275424480438
28,395,444,0.3626430630683899
29,390,447,0.3917255401611328
30,396,458,0.37994492053985596
31,375,446,0.38610079884529114
32,392,452,0.3453972637653351
0,309,136,0.16851715743541718
1,304,131,0.11216019093990326
2,301,132,0.11207152158021927
3,299,133,0.11194144934415817
4,312,130,0.12162663042545319
5,315,130,0.12166620790958405
6,317,129,0.12145859003067017
7,298,137,-0.0649607852101326
8,322,133,-0.023971857503056526
9,306,143,0.11666471511125565
10,315,142,0.12863174080848694
11,280,187,-0.1391279399394989
12,364,172,-0.029773307964205742
13,288,245,-0.0187437254935503
14,392,229,0.13679921627044678
15,308,219,0.2115798443555832
16,366,214,0.3692045211791992
17,309,214,0.2250666618347168
18,365,214,0.39928385615348816
19,318,204,0.22111442685127258
20,360,209,0.39357897639274597
21,319,205,0.21552559733390808
22,356,209,0.3714706003665924
23,339,299,-0.04298102855682373
24,381,293,0.043489970266819
25,359,368,0.15548139810562134
26,385,375,0.19541306793689728
27,382,443,0.3882890045642853
28,394,455,0.3776420056819916
29,390,455,0.4107937216758728
30,396,470,0.39498788118362427
31,372,454,0.39807671308517456
32,388,463,0.34848108887672424
0,306,138,0.18463662266731262
1,300,133,0.12838727235794067
2,298,133,0.12829819321632385
3,295,134,0.1281658411026001
4,309,131,0.13562864065170288
5,312,130,0.13560697436332703
6,314,130,0.13535836338996887
7,293,138,-0.052189502865076065
8,319,134,-0.020603245124220848
9,302,145,0.1311558037996292
10,312,144,0.14028826355934143
11,276,190,-0.12336629629135132
12,362,176,-0.03792238235473633
13,286,255,0.011121919378638268
14,393,236,0.14475242793560028
15,303,230,0.27702924609184265
16,374,217,0.4180959165096283
17,305,225,0.3033316135406494
18,372,215,0.46198412775993347
19,313,214,0.30463889241218567
20,365,210,0.4605766236782074
21,315,215,0.2847385108470917
22,363,211,0.42428916692733765
23,336,305,-0.03503457084298134
24,380,298,0.035427119582891464
25,359,383,0.14497016370296478
26,381,389,0.16713504493236542
27,383,459,0.34794941544532776
28,393,473,0.31498026847839355
29,391,472,0.36679747700691223
30,396,488,0.3279082775115967
31,376,470,0.3506145179271698
32,389,481,0.2753164768218994
0,304,138,0.20551908016204834
1,299,133,0.14637090265750885
2,296,134,0.14626067876815796
3,294,135,0.14609861373901367
4,307,131,0.15576602518558502
5,310,131,0.15572160482406616
6,312,131,0.15548329055309296
7,292,139,-0.04532982036471367
8,317,135,-0.004514018539339304
9,301,146,0.14828072488307953
10,311,144,0.16013574600219727
11,275,191,-0.125508651137352
12,361,177,-0.015989480540156364
13,285,255,0.008448608219623566
14,394,236,0.17609071731567383
15,299,232,0.2749740481376648
16,376,217,0.4645731747150421
17,299,228,0.29694831371307373
18,373,215,0.5081978440284729
19,307,217,0.2986077070236206
20,366,210,0.50506591796875
21,309,218,0.28242745995521545
22,365,211,0.46998676657676697
23,335,306,-0.04255412146449089
24,379,300,0.042984526604413986
25,358,384,0.1270492970943451
26,377,392,0.17696548998355865
27,380,461,0.3471783399581909
28,390,478,0.3337729871273041
29,388,474,0.3678172528743744
30,392,493,0.3472696542739868
31,372,473,0.3486548662185669
32,386,486,0.28781020641326904
0,300,140,0.25716325640678406
1,295,136,0.19714201986789703
2,293,137,0.1970757693052292
3,290,138,0.19692683219909668
4,303,134,0.20822285115718842
5,306,133,0.20816649496555328
6,309,133,0.20791836082935333
7,288,142,-0.006127059459686279
8,314,137,0.041429176926612854
9,297,148,0.19498509168624878
10,306,147,0.2087307572364807
11,272,193,-0.09912937879562378
12,358,181,0.022379610687494278
13,279,261,0.029138855636119843
14,393,239,0.19678227603435516
15,280,226,0.31123629212379456
16,375,217,0.46517276763916016
17,277,225,0.33298027515411377
18,375,215,0.5069525837898254
19,284,213,0.34110304713249207
20,367,210,0.5039377212524414
21,285,214,0.32127755880355835
22,366,212,0.47028863430023193
23,333,311,-0.053927160799503326
24,376,304,0.054424624890089035
25,354,398,0.03544467315077782
26,375,405,0.12080620974302292
27,379,482,0.184646874666214
28,387,493,0.21385812759399414
29,386,496,0.19657739996910095
30,391,509,0.2196255475282669
31,359,495,0.16785866022109985
32,379,503,0.15458819270133972
0,298,142,0.27522191405296326
1,293,137,0.21406778693199158
2,291,138,0.213998481631279
3,288,138,0.2138282209634781
4,301,135,0.2247563600540161
5,304,135,0.22474686801433563
6,306,134,0.22451253235340118
7,287,143,0.005087964236736298
8,312,138,0.051077041774988174
9,295,149,0.21080240607261658
10,304,148,0.2241448312997818
11,270,195,-0.09333229064941406
12,356,182,0.030019087716937065
13,277,263,0.04214325174689293
14,393,240,0.19240513443946838
15,277,228,0.32440274953842163
16,378,220,0.44693851470947266
17,274,231,0.3443281352519989
18,377,215,0.4864778518676758
19,282,220,0.35260769724845886
20,369,211,0.48216313123703003
21,285,222,0.3341207504272461
22,368,213,0.4511489272117615
23,331,313,-0.06145889312028885
24,374,306,0.06200551241636276
25,350,403,0.005036892835050821
26,374,408,0.11120868474245071
27,375,492,0.13359031081199646
28,384,500,0.18623822927474976
29,386,505,0.14297546446323395
30,388,517,0.19030150771141052
31,352,505,0.10723834484815598
32,373,510,0.12201277911663055
0,294,145,0.2628461420536041
1,290,140,0.2004818171262741
2,287,140,0.20040707290172577
3,285,141,0.2002360075712204
4,297,138,0.21413657069206238
5,300,137,0.21411767601966858
6,303,137,0.213892862200737
7,283,146,-0.01126385759562254
8,309,141,0.04686771333217621
9,292,152,0.19746078550815582
10,300,151,0.21438561379909515
11,267,197,-0.11290489137172699
12,353,185,0.03756856545805931
13,270,270,0.023734817281365395
14,391,245,0.20360085368156433
15,273,237,0.2954683303833008
16,367,223,0.4654136896133423
17,269,237,0.31347084045410156
18,376,219,0.508628249168396
19,278,226,0.3219713866710663
20,367,216,0.5053346157073975
21,281,228,0.3052367568016052
22,366,218,0.47014015913009644
23,328,317,-0.07092812657356262
24,370,309,0.07154195010662079
25,346,406,0.00704206945374608
26,371,413,0.11864393949508667
27,370,492,0.15267746150493622
28,381,504,0.20254528522491455
29,382,505,0.163896843791008
30,385,520,0.20692560076713562
31,345,506,0.12733317911624908
32,367,514,0.13366393744945526
0,293,146,0.26362064480781555
1,289,141,0.20031772553920746
2,286,141,0.20023661851882935
3,284,142,0.20004902780056
4,297,139,0.2113410234451294
5,299,138,0.21130861341953278
6,302,138,0.21106776595115662
7,282,147,-0.014756112359464169
8,308,142,0.033438991755247116
9,290,153,0.19769185781478882
10,299,152,0.21156492829322815
11,265,198,-0.1153285875916481
12,351,186,0.01666424423456192
13,270,272,0.020257236436009407
14,390,246,0.18225374817848206
15,274,240,0.30784860253334045
16,362,225,0.4532834589481354
17,271,239,0.32829946279525757
18,372,220,0.4972181022167206
19,279,228,0.33917221426963806
20,355,217,0.4934639632701874
21,283,230,0.3184777498245239
22,355,220,0.4578494131565094
23,327,319,-0.06692121177911758
24,369,311,0.0674860030412674
25,342,407,0.010457024909555912
26,371,414,0.11623191088438034
27,367,494,0.16385242342948914
28,380,508,0.19655288755893707
29,381,508,0.175805926322937
30,384,525,0.20019984245300293
31,343,506,0.14089564979076385
32,367,517,0.12513688206672668
0,287,148,0.28210726380348206
1,282,143,0.21806035935878754
2,280,144,0.2180451899766922
3,277,144,0.21786244213581085
4,290,141,0.23254014551639557
5,293,141,0.23258733749389648
6,295,140,0.2323906570672989
7,275,149,0.0029571778140962124
8,302,143,0.06589867919683456
9,285,155,0.21633867919445038
10,292,154,0.2346142679452896
11,261,199,-0.11748544126749039
12,347,188,0.05474025011062622
13,264,276,0.019190894439816475
14,389,249,0.23591603338718414
15,274,258,0.3333085775375366
16,355,236,0.5247073769569397
17,272,256,0.3558693528175354
18,351,233,0.5749233961105347
19,280,245,0.3678015172481537
20,346,232,0.5688352584838867
21,283,246,0.3448300063610077
22,346,233,0.5282771587371826
23,321,320,-0.07609850913286209
24,364,312,0.07687102258205414
25,339,410,0.028264598920941353
26,360,416,0.13842083513736725
27,363,495,0.21280866861343384
28,370,508,0.2563879191875458
29,375,508,0.2285553216934204
30,374,522,0.2647486627101898
31,342,510,0.1880570501089096
32,356,520,0.19118502736091614
0,284,150,0.26091787219047546
1,280,144,0.1985333412885666
2,278,145,0.19855070114135742
3,275,145,0.19837512075901031
4,287,142,0.2120068222284317
5,290,142,0.21204900741577148
6,292,141,0.2118554264307022
7,274,150,-0.009045115672051907
8,299,144,0.048825208097696304
9,283,157,0.1970791518688202
10,290,155,0.21398116648197174
11,260,199,-0.12000586092472076
12,346,188,0.04186263307929039
13,263,275,0.01780577003955841
14,387,249,0.22256238758563995
15,277,267,0.31134647130966187
16,352,241,0.5098817348480225
17,275,268,0.3316057622432709
18,345,238,0.560318112373352
19,281,258,0.33935490250587463
20,342,238,0.5531865954399109
21,284,257,0.32060128450393677
22,342,238,0.512701153755188
23,320,320,-0.07711799442768097
24,362,312,0.0780540481209755
25,342,413,0.04431460425257683
26,358,418,0.14662741124629974
27,366,498,0.24105952680110931
28,369,508,0.2762884497642517
29,377,508,0.25772300362586975
30,373,521,0.2867157459259033
31,347,515,0.19749781489372253
32,357,525,0.1957976371049881
0,280,149,0.25295209884643555
1,275,144,0.19316886365413666
2,273,145,0.19317889213562012
3,271,145,0.19297905266284943
4,282,142,0.20539943873882294
5,285,142,0.20544956624507904
6,288,141,0.20527377724647522
7,269,150,-0.004987999796867371
8,295,144,0.0479784719645977
9,278,156,0.19230051338672638
10,285,155,0.20795029401779175
11,256,199,-0.11845967918634415
12,342,188,0.03737913817167282
13,259,274,0.015214081853628159
14,382,248,0.21219167113304138
15,278,275,0.3034668564796448
16,348,249,0.49222949147224426
17,277,275,0.32283005118370056
18,347,254,0.5410405993461609
19,283,270,0.32938122749328613
20,337,248,0.5323119163513184
21,285,267,0.31322747468948364
22,338,248,0.49428293108940125
23,317,319,-0.07191858440637589
24,358,312,0.07272815704345703
25,342,410,0.07217088341712952
26,356,415,0.1478431671857834
27,365,493,0.3047927916049957
28,369,506,0.30695095658302307
29,374,505,0.32452812790870667
30,373,519,0.3185220956802368
31,348,508,0.24723288416862488
32,360,522,0.2203269749879837
0,279,149,0.24658693373203278
1,274,144,0.1878836303949356
2,272,144,0.18788237869739532
3,270,145,0.1876845359802246
4,281,142,0.19836340844631195
5,284,141,0.19841007888317108
6,286,141,0.19823503494262695
7,268,149,-0.005727277137339115
8,293,144,0.03938812017440796
9,277,156,0.1873433142900467
10,284,154,0.20080900192260742
11,254,199,-0.11938755959272385
12,340,188,0.027928931638598442
13,257,274,-0.00022943379008211195
14,379,248,0.19971232116222382
15,279,276,0.26975247263908386
16,346,249,0.4739350974559784
17,278,274,0.28613248467445374
18,341,251,0.5210193991661072
19,284,269,0.29202574491500854
20,336,249,0.5128858685493469
21,285,268,0.2767305374145508
22,336,248,0.4763176441192627
23,316,319,-0.06979311257600784
24,357,312,0.07047015428543091
25,342,411,0.07570705562829971
26,354,417,0.14839129149913788
27,364,495,0.30227407813072205
28,367,508,0.3021181523799896
29,372,507,0.321414589881897
30,371,521,0.313061386346817
31,349,509,0.25711408257484436
32,359,523,0.21464814245700836
0,273,149,0.2613774538040161
1,269,144,0.20541399717330933
2,266,144,0.20543500781059265
3,264,145,0.20521147549152374
4,276,142,0.21561019122600555
5,278,141,0.21566542983055115
6,281,141,0.21550874412059784
7,262,150,0.019730014726519585
8,287,144,0.06295812129974365
9,272,156,0.20463870465755463
10,278,154,0.2177296280860901
11,249,198,-0.09944447129964828
12,333,188,0.05127253755927086
13,254,274,-0.00021269172430038452
14,373,249,0.2138538509607315
15,278,281,0.2599954605102539
16,341,256,0.48692700266838074
17,278,281,0.27489736676216125
18,333,260,0.5351056456565857
19,284,276,0.28213828802108765
20,329,257,0.5264754891395569
21,284,275,0.26702964305877686
22,331,256,0.48844248056411743
23,310,318,-0.06770174950361252
24,353,311,0.06839270144701004
25,336,408,0.08975550532341003
26,349,416,0.15088891983032227
27,360,489,0.3315024971961975
28,363,508,0.32074007391929626
29,368,501,0.35230883955955505
30,367,521,0.33324387669563293
31,348,501,0.2919389009475708
32,355,522,0.21803708374500275
0,271,149,0.2564772367477417
1,266,144,0.19976671040058136
2,264,144,0.19986547529697418
3,262,145,0.19981907308101654
4,274,142,0.2136937975883484
5,276,141,0.21376542747020721
6,279,141,0.21360710263252258
7,261,150,0.0025085138622671366
8,286,144,0.05171038582921028
9,269,156,0.19617919623851776
10,276,154,0.2149519920349121
11,247,198,-0.10531788319349289
12,333,187,0.04281887784600258
13,254,274,-0.016326455399394035
14,371,249,0.18158097565174103
15,278,283,0.20562316477298737
16,339,260,0.42550912499427795
17,279,282,0.21657682955265045
18,333,265,0.4685308635234833
19,284,278,0.22389882802963257
20,329,263,0.4574250280857086
21,285,277,0.21187779307365417
22,330,262,0.4253110885620117
23,309,317,-0.06170451641082764
24,351,311,0.0621054582297802
25,328,405,0.13844634592533112
26,348,415,0.176688089966774
27,351,482,0.4059869647026062
28,360,508,0.3789959251880646
29,358,493,0.43040645122528076
30,364,522,0.39557957649230957
31,339,492,0.38815051317214966
32,351,522,0.30251067876815796
0,266,151,0.24821801483631134
1,261,145,0.19084195792675018
2,259,146,0.19080163538455963
3,257,146,0.1906222403049469
4,268,143,0.20236216485500336
5,271,143,0.20237042009830475
6,274,142,0.20216256380081177
7,256,151,-0.0035372127313166857
8,281,145,0.042978685349226
9,265,158,0.18971402943134308
10,272,156,0.2047845721244812
11,243,198,-0.10781283676624298
12,329,187,0.03667201101779938
13,252,275,-0.031557708978652954
14,366,249,0.20791970193386078
15,275,284,0.1954275369644165
16,336,259,0.4891384541988373
17,278,285,0.2071344405412674
18,336,268,0.5371297597885132
19,283,281,0.21627916395664215
20,325,262,0.530785083770752
21,282,279,0.2030264437198639
22,326,261,0.4913998544216156
23,305,317,-0.0645461454987526
24,349,311,0.06461060047149658
25,312,393,0.19219224154949188
26,343,412,0.2747092545032501
27,342,463,0.5229379534721375
28,356,503,0.5407223105430603
29,353,475,0.556938111782074
30,361,517,0.5663883686065674
31,325,473,0.552753210067749
32,345,517,0.5111995935440063
0,260,152,0.24274443089962006
1,255,146,0.18530908226966858
2,253,146,0.18528097867965698
3,251,147,0.18510456383228302
4,262,144,0.19638127088546753
5,265,143,0.1964072436094284
6,267,143,0.1962163746356964
7,250,151,-0.013613268733024597
8,275,145,0.034580085426568985
9,259,158,0.18608026206493378
10,265,157,0.20054328441619873
11,238,198,-0.1327265352010727
12,322,187,0.03041832335293293
13,249,274,-0.06723465770483017
14,359,248,0.2046232670545578
15,263,297,0.16640742123126984
16,333,261,0.4831852614879608
17,264,302,0.17866799235343933
18,336,270,0.5316854119300842
19,266,296,0.19183357059955597
20,323,265,0.5243192911148071
21,270,291,0.17574138939380646
22,323,262,0.48543626070022583
23,302,317,-0.06908364593982697
24,345,310,0.0689622312784195
25,299,381,0.18593522906303406
26,337,396,0.31116199493408203
27,335,449,0.49674975872039795
28,350,480,0.5634152293205261
29,348,460,0.5295593738555908
30,356,494,0.5897257924079895
31,318,457,0.5386346578598022
32,339,492,0.5600923299789429
0,258,152,0.21924321353435516
1,253,145,0.16166149079799652
2,252,146,0.16154813766479492
3,250,146,0.16131533682346344
4,260,144,0.1710277646780014
5,263,143,0.17094285786151886
6,266,143,0.1706637740135193
7,251,151,-0.03975954279303551
8,273,145,0.0028289086185395718
9,257,158,0.1591254025697708
10,264,157,0.17147982120513916
11,238,197,-0.13780353963375092
12,322,187,-0.021596768870949745
13,249,273,-0.08038327842950821
14,359,248,0.15191349387168884
15,260,294,0.10880481451749802
16,333,265,0.39655590057373047
17,259,299,0.12194696068763733
18,331,274,0.43814095854759216
19,263,295,0.13691402971744537
20,323,269,0.43000009655952454
21,266,289,0.11873061209917068
22,324,267,0.39815860986709595
23,301,316,-0.06196630746126175
24,345,310,0.06159263104200363
25,279,351,0.2551223933696747
26,330,381,0.3384082615375519
27,315,408,0.5648465156555176
28,337,449,0.5955182909965515
29,328,419,0.5987449884414673
30,340,461,0.6252666115760803
31,300,411,0.6460462808609009
32,327,458,0.6299991011619568
0,252,152,0.2296244204044342
1,249,145,0.17456068098545074
2,247,146,0.17439669370651245
3,246,146,0.174184650182724
4,255,144,0.18554332852363586
5,257,144,0.18539373576641083
6,260,143,0.18507011234760284
7,247,151,-0.026091426610946655
8,269,145,0.02375623770058155
9,252,158,0.16806729137897491
10,258,158,0.1820468157529831
11,235,195,-0.13731864094734192
12,315,187,0.014597038738429546
13,247,268,-0.12845388054847717
14,355,248,0.16157209873199463
15,250,316,0.0083491001278162
16,331,267,0.3817042410373688
17,246,335,0.008777746930718422
18,329,277,0.4218139052391052
19,248,331,0.02411029487848282
20,323,274,0.4085620045661926
21,250,324,0.016632629558444023
22,322,270,0.380018949508667
23,299,314,-0.06363745778799057
24,343,307,0.06329174339771271
25,291,365,0.09114407002925873
26,328,386,0.2889561057090759
27,327,430,0.30358967185020447
28,344,464,0.3938899040222168
29,339,436,0.3237181007862091
30,348,477,0.40726518630981445
31,313,437,0.30438536405563354
32,335,475,0.3614856004714966
0,254,152,0.2689971923828125
1,250,145,0.21586862206459045
2,248,146,0.21572376787662506
3,246,146,0.21553033590316772
4,256,144,0.22612056136131287
5,259,144,0.22599183022975922
6,262,143,0.22571799159049988
7,248,150,0.019135192036628723
8,270,145,0.06457512825727463
9,253,158,0.2076018899679184
10,260,157,0.22048135101795197
11,235,194,-0.10221131145954132
12,317,186,0.052539996802806854
13,246,265,-0.1067475751042366
14,356,248,0.16327893733978271
15,247,318,0.019279057160019875
16,331,271,0.30820170044898987
17,245,333,0.015496127307415009
18,328,280,0.3369429409503937
19,247,329,0.03184058889746666
20,322,277,0.3199894428253174
21,249,323,0.02728693000972271
22,322,273,0.3031422793865204
23,298,312,-0.06502528488636017
24,342,305,0.06485120952129364
25,298,370,0.045461297035217285
26,328,388,0.21374280750751495
27,332,438,0.2439657747745514
28,345,470,0.3263058066368103
29,343,444,0.26119476556777954
30,349,483,0.33743295073509216
31,318,457,0.22095346450805664
32,338,476,0.2730046510696411
0,251,154,0.26821890473365784
1,247,146,0.2132122814655304
2,246,147,0.21307656168937683
3,244,147,0.2128952145576477
4,254,145,0.22482171654701233
5,256,145,0.22469627857208252
6,259,144,0.2244342714548111
7,245,151,0.015728166326880455
8,267,146,0.06673622876405716
9,251,160,0.20706582069396973
10,257,159,0.22154134511947632
11,233,194,-0.10536402463912964
12,315,187,0.06104626506567001
13,245,261,-0.11073174327611923
14,354,248,0.16618971526622772
15,247,317,0.018950210884213448
16,330,271,0.3144393265247345
17,245,333,0.014748635701835155
18,328,280,0.34300461411476135
19,247,329,0.028840886428952217
20,322,277,0.32430800795555115
21,249,322,0.026513738557696342
22,321,274,0.30858638882637024
23,297,312,-0.07118333131074905
24,339,305,0.07117126137018204
25,300,380,0.010785335674881935
26,326,389,0.1845904290676117
27,333,464,0.199100524187088
28,347,480,0.2888828217983246
29,344,472,0.21466532349586487
30,351,493,0.296510249376297
31,326,487,0.15947014093399048
32,340,498,0.21488423645496368
0,251,154,0.2811625897884369
1,247,147,0.2260676622390747
2,245,147,0.2259449064731598
3,243,147,0.2257780134677887
4,254,146,0.237505242228508
5,256,145,0.23737822473049164
6,259,144,0.23712417483329773
7,245,151,0.026702461764216423
8,267,146,0.07666793465614319
9,250,160,0.21922235190868378
10,257,160,0.2333759367465973
11,233,194,-0.09958580136299133
12,315,188,0.06782468408346176
13,244,259,-0.1115584522485733
14,354,248,0.1677851676940918
15,246,318,0.005458218045532703
16,330,271,0.30590134859085083
17,245,333,-0.0015590540133416653
18,327,281,0.33268219232559204
19,246,328,0.014074682258069515
20,321,278,0.31378480792045593
21,249,321,0.013038969598710537
22,321,274,0.2996967136859894
23,298,312,-0.07286899536848068
24,339,304,0.07295257598161697
25,302,384,0.013844044879078865
26,325,390,0.17899088561534882
27,334,471,0.20610100030899048
28,346,485,0.2911388576030731
29,346,481,0.22187617421150208
30,351,498,0.29928353428840637
31,328,492,0.16501441597938538
32,341,505,0.2161429524421692
0,250,156,0.30075767636299133
1,246,149,0.24713845551013947
2,244,149,0.24702896177768707
3,242,149,0.24685823917388916
4,252,148,0.25847259163856506
5,255,147,0.2583264112472534
6,258,147,0.25808462500572205
7,243,153,0.0481385700404644
8,264,148,0.09691525250673294
9,250,162,0.2382933348417282
10,256,162,0.25210368633270264
11,232,194,-0.0846048891544342
12,312,189,0.08030734956264496
13,243,259,-0.09971601516008377
14,351,247,0.17093145847320557
15,243,320,0.027984188869595528
16,329,271,0.31226876378059387
17,243,331,0.023438626900315285
18,326,280,0.33971232175827026
19,246,326,0.0397736057639122
20,320,277,0.3211599290370941
21,247,321,0.03573731705546379
22,320,274,0.3062240183353424
23,297,312,-0.07444886118173599
24,337,304,0.07458282262086868
25,312,390,-0.007489458657801151
26,327,397,0.150970920920372
27,342,477,0.15351775288581848
28,348,492,0.2368839830160141
29,352,488,0.1657571792602539
30,352,505,0.24154655635356903
31,335,500,0.09659384936094284
32,342,513,0.1456555426120758
0,249,157,0.316726952791214
1,245,150,0.262822687625885
2,244,150,0.262724369764328
3,242,151,0.26256465911865234
4,252,149,0.2741669714450836
5,254,149,0.2740144729614258
6,257,148,0.27377504110336304
7,242,154,0.06261898577213287
8,264,149,0.1112390086054802
9,249,163,0.25388607382774353
10,255,163,0.26764583587646484
11,231,194,-0.0719556137919426
12,312,189,0.09002134203910828
13,243,260,-0.09472012519836426
14,350,247,0.18019859492778778
15,245,319,0.02566889114677906
16,328,271,0.3222004771232605
17,245,331,0.020699860528111458
18,326,281,0.3505036234855652
19,248,329,0.03762874752283096
20,319,278,0.33259978890419006
21,250,322,0.0331629142165184
22,319,275,0.31652167439460754
23,298,312,-0.07429229468107224
24,337,304,0.07445883005857468
25,315,393,-0.014523896388709545
26,328,402,0.13996541500091553
27,345,481,0.13945040106773376
28,348,498,0.2162192165851593
29,355,492,0.1509852558374405
30,353,511,0.21953457593917847
31,337,504,0.07948829978704453
32,343,518,0.12062084674835205
0,246,160,0.3075075149536133
1,243,153,0.2546522617340088
2,241,153,0.25454726815223694
3,239,154,0.25438830256462097
4,249,152,0.26857486367225647
5,251,151,0.26843082904815674
6,254,151,0.2681800127029419
7,240,157,0.05881769582629204
8,260,151,0.11919869482517242
9,246,166,0.24547921121120453
10,252,165,0.26222580671310425
11,230,195,-0.07749134302139282
12,306,191,0.10916070640087128
13,243,259,-0.0965506061911583
14,346,248,0.2003811001777649
15,243,320,0.01685013808310032
16,327,271,0.32960397005081177
17,243,333,0.010583707131445408
18,331,280,0.3589145541191101
19,245,328,0.027440693229436874
20,319,277,0.33969178795814514
21,247,322,0.024833695963025093
22,319,274,0.3235982656478882
23,297,311,-0.08146028220653534
24,335,304,0.08153047412633896
25,316,396,-0.054877206683158875
26,327,405,0.126699760556221
27,345,483,0.06251394003629684
28,348,500,0.17155241966247559
29,355,492,0.0708286389708519
30,353,513,0.171477273106575
31,337,509,-0.008730679750442505
32,343,522,0.06399878114461899
0,245,162,0.33833566308021545
1,242,155,0.28646978735923767
2,240,155,0.2863781452178955
3,238,155,0.2862261235713959
4,247,154,0.30067190527915955
5,250,153,0.30052945017814636
6,252,152,0.30029869079589844
7,239,158,0.0920960083603859
8,259,152,0.1527334451675415
9,245,168,0.27650371193885803
10,251,167,0.2937587797641754
11,230,196,-0.047231413424015045
12,304,191,0.13461045920848846
13,242,259,-0.07844799011945724
14,346,248,0.21603675186634064
15,242,319,0.031490739434957504
16,327,271,0.3291527032852173
17,242,333,0.02506094239652157
18,333,278,0.35537227988243103
19,244,328,0.04248040169477463
20,319,276,0.3358670473098755
21,246,321,0.03949059545993805
22,318,274,0.3226242959499359
23,297,311,-0.08229215443134308
24,334,304,0.08242199569940567
25,315,399,-0.06369912624359131
26,328,408,0.11218143999576569
27,345,486,0.04405251517891884
28,348,504,0.14858131110668182
29,355,495,0.051415424793958664
30,353,516,0.1479269564151764
31,337,512,-0.027828997001051903
32,343,525,0.03975798189640045
0,244,164,0.34969377517700195
1,241,158,0.30037546157836914
2,239,158,0.30027294158935547
3,237,158,0.3000956177711487
4,247,156,0.31356456875801086
5,249,155,0.31343522667884827
6,252,154,0.3131977617740631
7,238,161,0.11083441227674484
8,258,154,0.16784508526325226
9,244,170,0.28896722197532654
10,251,169,0.3051696717739105
11,229,197,-0.024043381214141846
12,302,193,0.14384609460830688
13,243,258,-0.06391575932502747
14,342,250,0.22490635514259338
15,244,317,0.02380642667412758
16,328,270,0.32625409960746765
17,244,332,0.0165481586009264
18,333,278,0.35162824392318726
19,245,326,0.03449122980237007
20,317,276,0.33334779739379883
21,248,320,0.03154529258608818
22,319,274,0.31997328996658325
23,297,310,-0.07849787920713425
24,335,303,0.07864334434270859
25,313,396,-0.06549348682165146
26,328,404,0.10193298012018204
27,343,482,0.01967156119644642
28,349,499,0.10614559799432755
29,354,492,0.02580820396542549
30,353,513,0.1039055585861206
31,336,505,-0.03594690561294556
32,348,517,0.017338978126645088
0,245,165,0.3720426559448242
1,241,158,0.3236514627933502
2,240,158,0.3235483467578888
3,238,159,0.32335129380226135
4,247,157,0.33514460921287537
5,250,156,0.3350333571434021
6,252,155,0.33482176065444946
7,238,161,0.13341805338859558
8,258,155,0.18308210372924805
9,244,171,0.3108806312084198
10,251,170,0.32500264048576355
11,228,198,-0.0009845251915976405
12,301,194,0.15820753574371338
13,243,259,-0.02118397131562233
14,342,253,0.2605319619178772
15,245,316,0.08297016471624374
16,324,270,0.38377389311790466
17,245,330,0.07981055229902267
18,333,277,0.41211360692977905
19,246,324,0.0980098769068718
20,314,275,0.394389808177948
21,248,318,0.09132453799247742
22,319,273,0.3781677484512329
23,297,309,-0.07441452145576477
24,336,303,0.07459702342748642
25,309,392,-0.0575423389673233
26,328,403,0.10135557502508163
27,341,481,0.04058285430073738
28,351,496,0.11558489501476288
29,352,490,0.048726726323366165
30,355,511,0.11549583822488785
31,331,502,-0.003301518503576517
32,351,512,0.03652699664235115
0,244,168,0.4704569876194
1,241,161,0.42063647508621216
2,239,161,0.4205356538295746
3,238,161,0.42036494612693787
4,247,160,0.4369491934776306
5,249,159,0.4368520677089691
6,251,158,0.43664461374282837
7,238,164,0.214752659201622
8,257,158,0.28569191694259644
9,244,174,0.4029184579849243
10,250,172,0.4229672849178314
11,228,199,0.04014954715967178
12,299,196,0.253692090511322
13,243,260,-0.03501371666789055
14,339,255,0.26270103454589844
15,244,318,0.021677102893590927
16,321,283,0.2549378275871277
17,244,333,0.004994201008230448
18,333,293,0.26330384612083435
19,246,328,0.028723563998937607
20,317,292,0.24548009037971497
21,248,322,0.030036387965083122
22,319,289,0.2444741427898407
23,297,309,-0.08323096483945847
24,336,304,0.08362570405006409
25,309,392,-0.10732065886259079
26,329,402,0.09680429100990295
27,341,480,-0.018597496673464775
28,351,494,0.10723087191581726
29,352,489,-0.011878435499966145
30,355,507,0.10528549551963806
31,330,504,-0.08326558023691177
32,350,512,0.010443756356835365
0,243,169,0.45889171957969666
1,240,162,0.40850162506103516
2,239,162,0.40839672088623047
3,237,162,0.4082103669643402
4,246,160,0.425157755613327
5,248,159,0.4250529408454895
6,250,158,0.4248301386833191
7,238,164,0.20312976837158203
8,256,158,0.2761155366897583
9,243,174,0.39218413829803467
10,249,173,0.4128834903240204
11,228,199,0.03569665923714638
12,298,197,0.2513819634914398
13,243,261,-0.01694556511938572
14,338,257,0.2959771454334259
15,244,318,0.055684685707092285
16,320,285,0.2604195177555084
17,244,332,0.03944187983870506
18,332,295,0.30565211176872253
19,247,327,0.06486688554286957
20,317,294,0.2921831011772156
21,249,321,0.06458405405282974
22,318,291,0.2628512978553772
23,297,310,-0.08719847351312637
24,336,304,0.08759411424398422
25,309,392,-0.10658927261829376
26,329,401,0.10057081282138824
27,341,479,-0.015022951178252697
28,352,491,0.11629338562488556
29,352,489,-0.007821251638233662
30,357,504,0.11531342566013336
31,330,504,-0.07462906837463379
32,350,511,0.025851134210824966
0,244,171,0.41462481021881104
1,241,164,0.363330215215683
2,239,164,0.3632218837738037
3,238,164,0.3630514144897461
4,246,162,0.38160333037376404
5,249,162,0.3815310001373291
6,251,161,0.3812931478023529
7,239,167,0.1622547209262848
8,257,161,0.2453991323709488
9,244,177,0.3500884175300598
10,250,176,0.3730906546115875
11,228,203,0.028843985870480537
12,295,202,0.23492343723773956
13,242,267,-0.09106867760419846
14,318,261,0.2574928402900696
15,238,332,-0.03820497542619705
16,308,308,0.1614416241645813
17,238,348,-0.06083350628614426
18,310,321,0.16607677936553955
19,241,345,-0.04151732847094536
20,302,322,0.14617754518985748
21,242,338,-0.03173220902681351
22,301,316,0.15002913773059845
23,298,312,-0.10577525943517685
24,333,308,0.10616607218980789
25,294,392,-0.1434011310338974
26,320,402,0.12531417608261108
27,329,481,-0.04794211685657501
28,343,489,0.14929471909999847
29,344,491,-0.04072020575404167
30,349,502,0.1506074070930481
31,311,507,-0.10906016826629639
32,332,511,0.06303192675113678
