0,218,101,0.19828863441944122
1,216,97,0.17103733122348785
2,214,97,0.1710089147090912
3,213,98,0.1709624081850052
4,220,98,0.1685781478881836
5,221,98,0.16859321296215057
6,222,98,0.16850177943706512
7,210,100,0.07340608537197113
8,224,101,0.06237826868891716
9,216,105,0.16951216757297516
10,220,105,0.16643419861793518
11,188,124,0.03863061964511871
12,236,128,-0.010126911103725433
13,179,158,0.020130231976509094
14,234,166,0.022501500323414803
15,188,179,0.03182240575551987
16,220,184,0.11329613626003265
17,189,185,0.026043135672807693
18,219,192,0.1216006726026535
19,193,183,0.032001011073589325
20,218,190,0.11666504293680191
21,193,181,0.03269260376691818
22,218,188,0.11319594830274582
23,185,194,0.024228889495134354
24,210,196,-0.02422606199979782
25,181,245,0.06580779701471329
26,219,248,0.0657261461019516
27,162,291,0.10491768270730972
28,222,292,0.14272350072860718
29,159,295,0.10830336809158325
30,220,295,0.15046408772468567
31,159,292,0.09167709201574326
32,223,293,0.1387139856815338
0,218,102,0.1734217256307602
1,216,98,0.14797845482826233
2,214,98,0.14794859290122986
3,213,98,0.1478775441646576
4,220,99,0.1434454768896103
5,221,99,0.14347274601459503
6,222,99,0.14340640604496002
7,210,100,0.055686257779598236
8,224,102,0.03492750972509384
9,216,106,0.14675290882587433
10,220,106,0.1406574696302414
11,187,124,0.018711023032665253
12,236,128,-0.027120277285575867
13,179,159,0.017257556319236755
14,233,166,0.009725397452712059
15,188,180,0.04354039207100868
16,219,184,0.09792901575565338
17,189,186,0.03911883011460304
18,218,192,0.10554657876491547
19,193,184,0.04433787986636162
20,215,190,0.10012665390968323
21,193,182,0.044762060046195984
22,215,187,0.09744323045015335
23,185,194,0.023106113076210022
24,210,197,-0.02318032830953598
25,181,245,0.1298293173313141
26,218,248,0.13120950758457184
27,164,287,0.22843201458454132
28,221,291,0.2570393979549408
29,161,292,0.24024581909179688
30,220,295,0.2723686993122101
31,163,286,0.237948477268219
32,222,292,0.27422964572906494
0,218,103,0.1563282161951065
1,216,99,0.13221032917499542
2,215,98,0.13217362761497498
3,213,98,0.13209404051303864
4,220,99,0.1270218938589096
5,221,99,0.12706725299358368
6,222,99,0.1270045042037964
7,210,101,0.045834966003894806
8,223,102,0.02220674231648445
9,216,106,0.13182398676872253
10,220,107,0.12494277954101562
11,187,124,0.014179617166519165
12,235,128,-0.03937889263033867
13,181,159,0.015141814947128296
14,233,166,-0.009407074190676212
15,188,180,0.042393311858177185
16,219,184,0.06591935455799103
17,190,186,0.037967294454574585
18,217,192,0.07014098763465881
19,193,184,0.042587846517562866
20,215,190,0.0656265914440155
21,194,182,0.04337126016616821
22,214,187,0.06530620157718658
23,185,194,0.023583121597766876
24,210,197,-0.023706240579485893
25,181,245,0.1428968906402588
26,217,247,0.13066238164901733
27,167,288,0.2471204251050949
28,220,291,0.26221466064453125
29,164,292,0.25913453102111816
30,219,295,0.2780171036720276
31,169,286,0.25521332025527954
32,221,292,0.27684465050697327
0,218,103,0.15564492344856262
1,216,99,0.13158194720745087
2,215,99,0.13154076039791107
3,213,98,0.13146516680717468
4,220,99,0.12724219262599945
5,221,100,0.12728849053382874
6,222,100,0.12722180783748627
7,210,101,0.04490983113646507
8,223,103,0.02527964487671852
9,216,106,0.13089501857757568
10,220,107,0.12520606815814972
11,187,124,0.01679164171218872
12,235,128,-0.0380437858402729
13,181,159,0.01543344371020794
14,233,166,-0.009236673824489117
15,189,179,0.04191264137625694
16,218,184,0.05934757739305496
17,190,185,0.03853825852274895
18,217,192,0.0612446628510952
19,194,183,0.04144035279750824
20,215,190,0.05870766565203667
21,195,181,0.04249490797519684
22,215,187,0.059339143335819244
23,185,194,0.028733961284160614
24,210,197,-0.028959499672055244
25,182,243,0.16496631503105164
26,216,247,0.11557991802692413
27,172,283,0.2849240005016327
28,220,291,0.23952516913414001
29,169,289,0.2986100912094116
30,219,295,0.25427860021591187
31,174,283,0.30016782879829407
32,221,291,0.24823863804340363
0,218,104,0.14941813051700592
1,216,100,0.12549737095832825
2,215,100,0.12546227872371674
3,213,99,0.12538596987724304
4,220,101,0.12082994729280472
5,221,101,0.12088008224964142
6,222,101,0.12081458419561386
7,210,101,0.041306495666503906
8,223,103,0.02074216678738594
9,216,107,0.12586863338947296
10,220,108,0.11987096816301346
11,187,124,0.019085120409727097
12,235,128,-0.04244605451822281
13,182,158,0.03192633390426636
14,233,166,-0.0028036865405738354
15,190,177,0.07191714644432068
16,218,184,0.08620467782020569
17,190,184,0.07323779910802841
18,217,192,0.09425422549247742
19,194,182,0.0752340778708458
20,215,190,0.09351881593465805
21,195,180,0.0728527307510376
22,215,187,0.08869672566652298
23,185,194,0.02949739620089531
24,210,197,-0.029747432097792625
25,182,243,0.15141338109970093
26,215,247,0.11125695705413818
27,174,284,0.2561681568622589
28,219,290,0.22818148136138916
29,172,290,0.26830512285232544
30,218,295,0.2425808608531952
31,177,283,0.2691289186477661
32,221,291,0.24004380404949188
0,218,104,0.13958419859409332
1,216,100,0.11399181187152863
2,214,100,0.11396949738264084
3,213,100,0.11390567570924759
4,219,101,0.11108570545911789
5,220,101,0.11113522201776505
6,221,101,0.11107747256755829
7,210,102,0.027662012726068497
8,222,104,0.0150900948792696
9,216,107,0.11561883985996246
10,219,108,0.11189500242471695
11,187,124,0.00635405071079731
12,235,128,-0.04384743049740791
13,181,159,0.02914712391793728
14,233,167,-4.459910996956751e-06
15,190,177,0.07261671870946884
16,218,187,0.09637471288442612
17,190,184,0.07480578869581223
18,217,196,0.10716891288757324
19,194,182,0.07672377675771713
20,215,193,0.10527484863996506
21,195,181,0.07383674383163452
22,215,190,0.09911231696605682
23,185,195,0.02368694730103016
24,209,197,-0.023998526856303215
25,183,243,0.1364436000585556
26,213,246,0.11435871571302414
27,176,288,0.22802165150642395
28,217,290,0.22352224588394165
29,177,292,0.23868133127689362
30,216,295,0.23714245855808258
31,180,283,0.23835916817188263
32,219,291,0.23515106737613678
0,216,105,0.14343063533306122
1,214,101,0.11734817177057266
2,212,101,0.11733550578355789
3,211,100,0.1172805055975914
4,217,101,0.11487075686454773
5,218,102,0.11491227895021439
6,219,102,0.11484542489051819
7,208,102,0.027963552623987198
8,221,104,0.017572302371263504
9,213,108,0.11811894178390503
10,217,109,0.11502641439437866
11,186,125,0.005746055394411087
12,234,128,-0.042934712022542953
13,180,159,0.036301158368587494
14,233,168,0.005837715230882168
15,186,179,0.10348483920097351
16,218,188,0.12473233789205551
17,187,185,0.11049418896436691
18,217,197,0.13858886063098907
19,190,184,0.1127377301454544
20,216,194,0.13545645773410797
21,191,182,0.10577494651079178
22,216,192,0.12718291580677032
23,184,196,0.023607030510902405
24,208,198,-0.023918893188238144
25,183,243,0.13595032691955566
26,212,247,0.10956209152936935
27,176,289,0.22935670614242554
28,216,292,0.21516959369182587
29,176,292,0.24029915034770966
30,214,296,0.22787298262119293
31,179,284,0.2438661903142929
32,217,291,0.22484104335308075
0,213,105,0.15120409429073334
1,212,102,0.12110085040330887
2,210,101,0.12113684415817261
3,209,101,0.12107013911008835
4,215,102,0.12590152025222778
5,216,102,0.12593139708042145
6,218,102,0.12587417662143707
7,206,103,0.0352412648499012
8,219,105,0.03219830244779587
9,211,108,0.11922141164541245
10,215,109,0.12450169771909714
11,183,125,-0.0021635848097503185
12,231,129,-0.019153567031025887
13,177,159,0.02715444751083851
14,232,168,0.028931714594364166
15,182,180,0.091922827064991
16,218,188,0.12894633412361145
17,183,185,0.09775997698307037
18,217,196,0.1432969868183136
19,187,184,0.10362911969423294
20,215,194,0.14053325355052948
21,187,182,0.095526322722435
22,215,191,0.1309298872947693
23,182,197,0.005587416235357523
24,208,198,-0.005813106894493103
25,183,243,0.099278524518013
26,211,246,0.11832994222640991
27,176,289,0.17963595688343048
28,214,291,0.21158035099506378
29,175,292,0.18962372839450836
30,212,295,0.22418224811553955
31,177,284,0.1938220113515854
32,216,291,0.22299911081790924
0,211,106,0.17922990024089813
1,209,102,0.1496591866016388
2,208,102,0.1496567726135254
3,206,102,0.1495848447084427
4,213,103,0.15315185487270355
5,214,103,0.15317702293395996
6,216,103,0.1531086564064026
7,204,104,0.04500638321042061
8,217,106,0.05619329586625099
9,208,109,0.14605918526649475
10,213,110,0.15052393078804016
11,182,126,0.000986602040939033
12,229,130,0.001111731049604714
13,175,159,0.02611425705254078
14,232,168,0.047821350395679474
15,180,180,0.09669162333011627
16,216,187,0.13910844922065735
17,181,186,0.10344959050416946
18,216,196,0.1539919227361679
19,185,184,0.11078571528196335
20,213,192,0.15088628232479095
21,185,182,0.1011354997754097
22,213,191,0.1405894011259079
23,181,198,0.0010441350750625134
24,207,199,-0.0012432169169187546
25,182,244,0.08029171079397202
26,209,246,0.11506135016679764
27,175,289,0.14820872247219086
28,212,291,0.1943502277135849
29,175,292,0.1565120369195938
30,211,295,0.20442168414592743
31,176,285,0.1580212116241455
32,214,291,0.21076595783233643
0,210,106,0.1851166933774948
1,208,103,0.15622523427009583
2,207,103,0.15621794760227203
3,205,102,0.1561480462551117
4,212,103,0.15861442685127258
5,213,103,0.15864238142967224
6,214,103,0.1585782915353775
7,203,105,0.05037557706236839
8,216,106,0.06169498711824417
9,207,109,0.15313726663589478
10,211,110,0.15627796947956085
11,181,126,0.004521172493696213
12,228,131,0.004003873560577631
13,174,159,0.0378090962767601
14,230,168,0.06048310175538063
15,178,180,0.13299639523029327
16,215,187,0.16915395855903625
17,180,186,0.1433536261320114
18,215,195,0.18698465824127197
19,183,184,0.15076236426830292
20,212,192,0.18336312472820282
21,184,182,0.13820332288742065
22,212,190,0.17095471918582916
23,179,198,0.003830899018794298
24,205,200,-0.004036294296383858
25,181,244,0.08253549039363861
26,207,246,0.11281905323266983
27,174,289,0.15216010808944702
28,211,291,0.18680112063884735
29,174,292,0.16087888181209564
30,210,295,0.19681306183338165
31,175,285,0.16512690484523773
32,213,291,0.20539891719818115
0,209,107,0.18417908251285553
1,207,103,0.15585845708847046
2,206,103,0.1558454930782318
3,204,103,0.1557849645614624
4,211,104,0.1567603349685669
5,212,104,0.15678954124450684
6,213,104,0.15671496093273163
7,202,105,0.05220586434006691
8,215,107,0.05772944167256355
9,206,110,0.1533733755350113
10,210,111,0.15462791919708252
11,180,127,0.005695701111108065
12,226,131,-0.003515830496326089
13,172,159,0.03627476841211319
14,229,169,0.044982101768255234
15,178,180,0.10583572834730148
16,214,188,0.15211838483810425
17,180,186,0.1108076199889183
18,213,196,0.16392947733402252
19,183,185,0.11658674478530884
20,209,193,0.15962845087051392
21,183,183,0.10921468585729599
22,210,191,0.1528567373752594
23,178,199,0.0064105321653187275
24,204,201,-0.006601694505661726
25,180,245,0.08807789534330368
26,206,246,0.10366610437631607
27,174,290,0.16168831288814545
28,210,292,0.17609265446662903
29,173,293,0.1703614443540573
30,208,295,0.18573765456676483
31,175,285,0.17182239890098572
32,213,291,0.18744052946567535
0,207,107,0.18807464838027954
1,205,104,0.15990757942199707
2,204,104,0.15989983081817627
3,203,103,0.1598362922668457
4,209,104,0.16104799509048462
5,210,104,0.16107915341854095
6,212,104,0.16100971400737762
7,200,106,0.05648181214928627
8,214,107,0.06293770670890808
9,204,110,0.1572410762310028
10,209,111,0.15874861180782318
11,178,127,0.008339145220816135
12,225,132,0.002449888037517667
13,169,159,0.04390384629368782
14,227,169,0.05340419337153435
15,178,179,0.12908335030078888
16,212,189,0.15454064309597015
17,179,186,0.13798989355564117
18,212,195,0.16970567405223846
19,182,185,0.14394758641719818
20,208,193,0.16720348596572876
21,182,183,0.13328367471694946
22,208,191,0.15654993057250977
23,176,199,0.006687575951218605
24,202,201,-0.006869220174849033
25,178,245,0.07800169289112091
26,205,246,0.10252460092306137
27,173,291,0.1430719941854477
28,208,293,0.16691462695598602
29,173,294,0.1510302871465683
30,207,296,0.17576786875724792
31,173,285,0.15332727134227753
32,211,291,0.17946211993694305
0,205,108,0.18672417104244232
1,203,104,0.15893445909023285
2,202,104,0.1589248776435852
3,201,104,0.1588563174009323
4,207,105,0.1598447859287262
5,208,105,0.1598753184080124
6,210,105,0.15980616211891174
7,198,106,0.05684160813689232
8,211,107,0.062293823808431625
9,202,111,0.15635858476161957
10,207,111,0.15755972266197205
11,177,128,0.008457736112177372
12,223,132,0.001664104638621211
13,169,160,0.046127840876579285
14,226,170,0.055615272372961044
15,175,180,0.13668102025985718
16,211,189,0.1634819507598877
17,176,186,0.145741805434227
18,211,196,0.1803852617740631
19,180,185,0.1534603089094162
20,207,193,0.17732501029968262
21,180,183,0.1416565477848053
22,207,191,0.16556119918823242
23,174,200,0.005854746792465448
24,200,201,-0.006044300738722086
25,176,246,0.07698045670986176
26,204,246,0.1052955910563469
27,171,292,0.1441516876220703
28,207,293,0.17532165348529816
29,171,295,0.1524447202682495
30,206,296,0.18520639836788177
31,171,286,0.15478867292404175
32,211,291,0.18475686013698578
0,203,108,0.19150662422180176
1,202,105,0.16330654919147491
2,200,104,0.163296639919281
3,199,104,0.16323141753673553
4,205,105,0.16520163416862488
5,207,105,0.1652209758758545
6,208,105,0.16514664888381958
7,196,106,0.05959749221801758
8,210,108,0.06894190609455109
9,201,111,0.16050834953784943
10,205,112,0.1628759503364563
11,176,128,0.008998156525194645
12,221,133,0.011236361227929592
13,168,161,0.04223313927650452
14,225,169,0.06553974747657776
15,172,182,0.1282036304473877
16,211,189,0.17196966707706451
17,174,187,0.1370925009250641
18,210,196,0.1897958666086197
19,177,186,0.14534123241901398
20,207,193,0.18736198544502258
21,177,184,0.13338910043239594
22,207,191,0.17431211471557617
23,173,200,-0.0007508808048442006
24,199,201,0.0005663271876983345
25,175,246,0.06531388312578201
26,202,246,0.10606291890144348
27,169,293,0.12609867751598358
28,206,293,0.174935445189476
29,169,295,0.13385948538780212
30,205,296,0.18443641066551208
31,167,286,0.13644298911094666
32,208,291,0.1883123815059662
0,202,108,0.18867053091526031
1,200,105,0.16092850267887115
2,199,105,0.1609169840812683
3,197,105,0.16085216403007507
4,204,105,0.16187146306037903
5,205,105,0.16189534962177277
6,206,106,0.1618221253156662
7,195,107,0.05842982977628708
8,208,108,0.0645119845867157
9,199,111,0.15831029415130615
10,203,112,0.15981490910053253
11,175,128,0.005565629340708256
12,220,133,0.00788818672299385
13,167,161,0.03627678379416466
14,224,169,0.057359158992767334
15,172,182,0.1261512041091919
16,210,189,0.1590779423713684
17,174,187,0.1352386176586151
18,209,196,0.1747184842824936
19,177,186,0.14290358126163483
20,207,193,0.17161917686462402
21,178,184,0.13309288024902344
22,207,191,0.16090944409370422
23,172,200,-0.0068861800245940685
24,198,201,0.006680301856249571
25,173,247,0.06443289667367935
26,201,246,0.11881289631128311
27,167,293,0.12842212617397308
28,205,293,0.1967221051454544
29,168,296,0.13664555549621582
30,205,296,0.2073598951101303
31,166,289,0.1347416788339615
32,205,291,0.21301911771297455
0,200,109,0.18521182239055634
1,199,105,0.15706686675548553
2,197,105,0.1570684164762497
3,196,105,0.15698768198490143
4,202,106,0.15961121022701263
5,204,106,0.1596301943063736
6,205,106,0.15958087146282196
7,194,107,0.0562882199883461
8,207,108,0.06273361295461655
9,198,112,0.15574395656585693
10,202,112,0.15944017469882965
11,173,129,0.0086677772924304
12,219,133,0.005075791385024786
13,167,161,0.0687437653541565
14,223,169,0.06530709564685822
15,172,182,0.19023603200912476
16,211,189,0.1920197308063507
17,173,187,0.20403741300106049
18,210,195,0.21106916666030884
19,176,185,0.2111753225326538
20,207,192,0.20935256779193878
21,176,184,0.19607281684875488
22,207,191,0.1951868087053299
23,170,200,-0.0031323705334216356
24,196,201,0.002931286348029971
25,172,247,0.06597746908664703
26,200,246,0.11736635863780975
27,165,293,0.1312275379896164
28,204,293,0.1950322985649109
29,166,296,0.13989107310771942
30,204,296,0.20553788542747498
31,166,289,0.14045721292495728
32,204,291,0.21170663833618164
0,198,110,0.1893468052148819
1,196,106,0.16099722683429718
2,195,106,0.1610030233860016
3,194,106,0.1609145700931549
4,200,107,0.16373339295387268
5,202,107,0.16374309360980988
6,203,107,0.16369426250457764
7,192,108,0.06008737161755562
8,205,109,0.07222074270248413
9,196,113,0.1597450077533722
10,200,113,0.16341400146484375
11,172,129,0.023574933409690857
12,217,133,0.011496702209115028
13,165,161,0.10393296182155609
14,222,169,0.08518286794424057
15,171,178,0.24941840767860413
16,212,187,0.2250082641839981
17,172,182,0.2677656412124634
18,210,190,0.24646137654781342
19,176,180,0.2746620178222656
20,209,188,0.24397200345993042
21,176,178,0.25580236315727234
22,208,187,0.22831636667251587
23,168,199,-0.001291015767492354
24,193,201,0.001093865605071187
25,171,247,0.05273225158452988
26,198,246,0.10522326827049255
27,165,293,0.10151182115077972
28,203,293,0.16538645327091217
29,165,296,0.1086006760597229
30,202,295,0.1747884303331375
31,165,290,0.10946206003427505
32,204,290,0.18574512004852295
0,195,110,0.1882001757621765
1,193,107,0.15991994738578796
2,192,107,0.159920334815979
3,191,107,0.15983889997005463
4,197,107,0.16271840035915375
5,198,107,0.16272872686386108
6,200,107,0.1626766473054886
7,189,109,0.05923250690102577
8,202,109,0.07562180608510971
9,192,113,0.1585574746131897
10,197,114,0.16257238388061523
11,171,129,0.021274719387292862
12,214,134,0.01841416023671627
13,164,162,0.0854521170258522
14,222,169,0.08531340956687927
15,170,177,0.21426847577095032
16,213,185,0.21306583285331726
17,171,181,0.23035313189029694
18,211,186,0.23310881853103638
19,175,179,0.2368573695421219
20,212,185,0.23170731961727142
21,175,177,0.22015619277954102
22,209,184,0.21622852981090546
23,167,199,-0.0021140980534255505
24,191,200,0.0019172541797161102
25,170,246,0.032712288200855255
26,198,246,0.08294138312339783
27,164,293,0.06173114851117134
28,201,292,0.1227995753288269
29,164,296,0.06629932671785355
30,200,295,0.1298404335975647
31,163,290,0.06354781985282898
32,202,290,0.13963885605335236
0,193,111,0.19890683889389038
1,191,108,0.17128434777259827
2,190,108,0.17128753662109375
3,188,108,0.17120371758937836
4,195,108,0.17460735142230988
5,196,108,0.17460837960243225
6,198,108,0.17455415427684784
7,187,110,0.07271897792816162
8,200,110,0.08974573761224747
9,190,114,0.16940973699092865
10,195,115,0.17397014796733856
11,170,130,0.04414293169975281
12,213,134,0.025031276047229767
13,165,162,0.10059812664985657
14,221,168,0.0919642448425293
15,169,177,0.21618714928627014
16,214,182,0.22592496871948242
17,170,182,0.23245170712471008
18,212,184,0.24496106803417206
19,173,179,0.23680627346038818
20,212,184,0.24421536922454834
21,174,178,0.22072729468345642
22,211,182,0.22921127080917358
23,166,198,0.009526991285383701
24,189,200,-0.009679222479462624
25,170,244,0.03106634132564068
26,195,245,0.04720716178417206
27,163,292,0.05582408607006073
28,199,292,0.06229759380221367
29,163,296,0.05946369096636772
30,198,296,0.06596409529447556
31,163,289,0.05367704853415489
32,202,291,0.06603595614433289
0,191,112,0.20162425935268402
1,189,108,0.1739797741174698
2,188,108,0.17398488521575928
3,187,108,0.17390543222427368
4,193,108,0.17610932886600494
5,195,108,0.17609672248363495
6,196,108,0.1760333925485611
7,185,110,0.07536093145608902
8,198,111,0.08721166849136353
9,189,115,0.17192095518112183
10,193,115,0.17505207657814026
11,168,130,0.0621974878013134
12,210,135,0.019173376262187958
13,164,162,0.12689204514026642
14,222,168,0.0890188217163086
15,170,177,0.23234114050865173
16,220,168,0.2372584342956543
17,171,182,0.2494739592075348
18,222,169,0.2548677325248718
19,174,179,0.2482018619775772
20,220,165,0.25459209084510803
21,175,178,0.23452606797218323
22,218,165,0.24102401733398438
23,164,198,0.026715541258454323
24,187,200,-0.026874899864196777
25,169,243,0.0428738072514534
26,194,246,0.01873832754790783
27,163,291,0.07949026674032211
28,198,293,0.02390163019299507
29,162,295,0.08325143903493881
30,195,296,0.025875769555568695
31,163,289,0.07357767969369888
32,201,291,0.015051648020744324
0,188,112,0.20882852375507355
1,186,109,0.18012627959251404
2,185,109,0.18011531233787537
3,184,109,0.1800135374069214
4,190,109,0.18192221224308014
5,191,109,0.1819036453962326
6,193,109,0.1818256825208664
7,182,111,0.07983139902353287
8,194,111,0.09106889367103577
9,186,115,0.17909584939479828
10,190,116,0.18202535808086395
11,166,131,0.07619162648916245
12,209,136,0.022924479097127914
13,164,162,0.18284949660301208
14,224,168,0.10658581554889679
15,173,169,0.3339982032775879
16,222,159,0.2637208104133606
17,175,172,0.3608720898628235
18,224,154,0.2832782566547394
19,179,169,0.35899612307548523
20,220,150,0.2843809127807617
21,179,168,0.3379156291484833
22,218,151,0.26861515641212463
23,163,198,0.03199625387787819
24,186,201,-0.03218800947070122
25,169,244,0.06952004134654999
26,193,248,0.0157795213162899
27,161,292,0.11240655928850174
28,197,293,0.01830376498401165
29,161,295,0.11760647594928741
30,193,297,0.02054632641375065
31,163,289,0.11644753813743591
32,200,292,0.01480721216648817
0,184,113,0.19082382321357727
1,182,110,0.16423436999320984
2,181,110,0.16420495510101318
3,180,110,0.1641152948141098
4,186,110,0.16295622289180756
5,187,110,0.1629132330417633
6,189,110,0.16281116008758545
7,178,112,0.07698149234056473
8,191,112,0.07207699865102768
9,182,116,0.16539575159549713
10,186,116,0.1643579751253128
11,163,132,0.069510817527771
12,205,136,0.0008924251305870712
13,163,163,0.1526428461074829
14,224,167,0.07905270159244537
15,172,171,0.2585696280002594
16,223,152,0.23220697045326233
17,173,174,0.27709898352622986
18,225,149,0.2572912573814392
19,176,170,0.27378323674201965
20,222,144,0.25190404057502747
21,177,170,0.26025840640068054
22,219,146,0.23541073501110077
23,161,200,0.03701386973261833
24,183,204,-0.03732220456004143
25,167,244,0.10706935822963715
26,192,250,0.04055119678378105
27,160,291,0.1813853234052658
28,194,294,0.0766497254371643
29,158,294,0.19012637436389923
30,191,297,0.08232243359088898
31,162,287,0.18970997631549835
32,198,293,0.07875698059797287
0,179,114,0.16010451316833496
1,177,111,0.13280430436134338
2,176,111,0.13277103006839752
3,175,111,0.1326734721660614
4,181,111,0.13242408633232117
5,182,111,0.132415309548378
6,183,111,0.13233275711536407
7,173,113,0.046181123703718185
8,185,112,0.04682707414031029
9,177,117,0.13601462543010712
10,181,117,0.13615518808364868
11,159,132,0.0588555671274662
12,200,136,-0.01640075072646141
13,163,158,0.18599972128868103
14,224,163,0.05752990022301674
15,172,161,0.335203617811203
16,223,146,0.2207764983177185
17,173,163,0.35967010259628296
18,223,143,0.23585638403892517
19,176,160,0.35427236557006836
20,222,140,0.2319115847349167
21,177,160,0.3376884460449219
22,218,141,0.22530028223991394
23,159,202,0.03317386284470558
24,181,205,-0.0335155725479126
25,165,244,0.1014646589756012
26,187,250,0.06004694104194641
27,157,288,0.17218729853630066
28,190,293,0.13838402926921844
29,155,293,0.18091042339801788
30,187,297,0.14921824634075165
31,160,287,0.18317252397537231
32,195,292,0.14969895780086517
0,174,115,0.14671356976032257
1,172,112,0.12019673734903336
2,171,112,0.1201704666018486
3,170,112,0.12006212770938873
4,175,112,0.11769039183855057
5,176,111,0.11771578341722488
6,177,111,0.11766093224287033
7,168,113,0.04125886783003807
8,179,113,0.032441504299640656
9,172,118,0.12669728696346283
10,175,118,0.12373164296150208
11,157,133,0.07583210617303848
12,195,135,-0.0334014967083931
13,163,149,0.23608934879302979
14,223,155,0.04346463829278946
15,178,139,0.38575342297554016
16,222,135,0.19943934679031372
17,180,137,0.4140799045562744
18,222,130,0.20749281346797943
19,182,135,0.4057321548461914
20,220,128,0.20688387751579285
21,183,136,0.3876020014286041
22,217,130,0.20435699820518494
23,155,204,0.0450485497713089
24,177,205,-0.04549942910671234
25,161,243,0.1496048867702484
26,183,251,0.061641063541173935
27,155,286,0.251091867685318
28,185,292,0.15131442248821259
29,153,291,0.2641168534755707
30,183,296,0.1637989580631256
31,158,287,0.27203214168548584
32,193,292,0.1586492359638214
0,169,115,0.1411915272474289
1,168,111,0.11828736960887909
2,167,111,0.11828327178955078
3,165,112,0.11820416152477264
4,171,111,0.11290760338306427
5,172,111,0.11292193830013275
6,173,111,0.11285106092691422
7,164,113,0.04613712430000305
8,176,113,0.02568640001118183
9,168,118,0.12390786409378052
10,171,118,0.11667997390031815
11,153,135,0.0933748334646225
12,189,135,-0.04568934068083763
13,168,140,0.243276447057724
14,221,144,0.031165383756160736
15,184,123,0.37944769859313965
16,213,125,0.19296284019947052
17,183,117,0.40844330191612244
18,213,120,0.20393577218055725
19,185,119,0.4027605652809143
20,210,121,0.2018297165632248
21,186,120,0.3818807005882263
22,208,122,0.19741486012935638
23,152,205,0.05734768137335777
24,174,206,-0.05784236639738083
25,159,243,0.16246920824050903
26,180,251,0.039977770298719406
27,153,286,0.2592236399650574
28,180,293,0.11913412809371948
29,150,291,0.27131494879722595
30,178,297,0.13215553760528564
31,156,287,0.2797144055366516
32,194,301,0.11548449844121933
0,164,114,0.13213537633419037
1,162,111,0.10901177674531937
2,161,111,0.10900377482175827
3,160,111,0.10892806947231293
4,165,111,0.10387367755174637
5,167,111,0.10388056188821793
6,168,111,0.10379151999950409
7,158,113,0.03756776452064514
8,170,113,0.015532094053924084
9,162,118,0.11420321464538574
10,166,118,0.10727305710315704
11,149,135,0.07597513496875763
12,185,132,-0.04952320083975792
13,163,141,0.2303857058286667
14,215,133,0.037838056683540344
15,180,124,0.3902319073677063
16,198,111,0.2170315384864807
17,179,121,0.4213908910751343
18,195,104,0.23274604976177216
19,180,119,0.41751232743263245
20,192,107,0.22888191044330597
21,180,116,0.3941153883934021
22,192,110,0.22168032824993134
23,149,206,0.04765404760837555
24,170,205,-0.048133160918951035
25,156,244,0.14839713275432587
26,177,253,0.07748245447874069
27,150,286,0.23655514419078827
28,178,291,0.18116387724876404
29,148,292,0.24814051389694214
30,176,295,0.19582021236419678
31,151,289,0.25699812173843384
32,187,295,0.195234477519989
0,158,114,0.10840093344449997
1,157,111,0.08567193150520325
2,156,111,0.08564649522304535
3,154,111,0.0855746865272522
4,160,111,0.07920072227716446
5,161,111,0.07920710742473602
6,162,111,0.07912230491638184
7,152,113,0.020726408809423447
8,164,113,-0.00794149748980999
9,157,117,0.09308624267578125
10,160,118,0.08439706265926361
11,142,134,0.05592217296361923
12,181,130,-0.060930121690034866
13,147,141,0.1965058594942093
14,208,124,0.001018000184558332
15,156,131,0.33607354760169983
16,186,99,0.15017220377922058
17,156,130,0.36007535457611084
18,184,90,0.16067902743816376
19,158,128,0.35657188296318054
20,180,91,0.15318520367145538
21,159,128,0.3389973044395447
22,180,95,0.15174435079097748
23,145,205,0.042713116854429245
24,166,205,-0.0430772639811039
25,152,248,0.1344272494316101
26,172,254,0.07702977955341339
27,143,288,0.19631247222423553
28,174,291,0.16768698394298553
29,141,293,0.20389030873775482
30,171,301,0.17977003753185272
31,145,294,0.19847440719604492
32,184,299,0.17208267748355865
0,155,112,0.10889827460050583
1,152,108,0.08812087029218674
2,151,109,0.08811721205711365
3,150,109,0.08806351572275162
4,155,108,0.07872162014245987
5,156,108,0.07873938232660294
6,158,108,0.07868291437625885
7,148,112,0.028047699481248856
8,159,110,-0.012657960876822472
9,153,116,0.09556373953819275
10,156,115,0.0831918865442276
11,137,134,0.05905979126691818
12,175,128,-0.07000859826803207
13,141,136,0.20871353149414062
14,202,115,-0.017542412504553795
15,150,121,0.35358843207359314
16,177,91,0.11927203834056854
17,150,119,0.3773422837257385
18,173,85,0.12757974863052368
19,152,116,0.3727623522281647
20,169,85,0.11752583831548691
21,153,118,0.35571467876434326
22,169,89,0.11963805556297302
23,142,205,0.04174918308854103
24,163,204,-0.0421057790517807
25,149,250,0.09406343102455139
26,168,255,0.04992686212062836
27,141,290,0.13726721704006195
28,166,295,0.1315935105085373
29,140,293,0.14222478866577148
30,163,304,0.14100408554077148
31,145,299,0.12991340458393097
32,173,302,0.11897461861371994
0,153,99,0.12661977112293243
1,151,95,0.09877339750528336
2,150,96,0.0988096222281456
3,149,96,0.09869596362113953
4,154,94,0.09771689772605896
5,155,94,0.09772570431232452
6,156,93,0.09767133742570877
7,147,99,0.06376292556524277
8,158,99,0.002961431397125125
9,151,104,0.10721147805452347
10,155,104,0.09870145469903946
11,134,127,0.08164781332015991
12,168,122,-0.055763471871614456
13,144,147,0.17779870331287384
14,195,107,-0.03307101130485535
15,151,160,0.21513961255550385
16,169,84,0.07167888432741165
17,151,165,0.22460532188415527
18,164,78,0.07123317569494247
19,152,162,0.21122781932353973
20,161,77,0.06393172591924667
21,153,161,0.21041031181812286
22,161,80,0.07045915722846985
23,139,198,0.04078710451722145
24,159,196,-0.041074369102716446
25,143,249,0.046711113303899765
26,161,254,-0.01723293401300907
27,134,291,0.08147496730089188
28,159,296,0.010728190653026104
29,132,294,0.08253228664398193
30,157,305,0.011945784091949463
31,137,301,0.043340858072042465
32,163,304,-0.034720391035079956
0,125,83,-0.03825971856713295
1,124,79,-0.026072712615132332
2,124,79,-0.026114225387573242
3,124,79,-0.0261683389544487
4,123,79,-0.04054626077413559
5,123,79,-0.04053482040762901
6,122,79,-0.04058641195297241
7,123,81,0.04608337953686714
8,120,81,-0.017763791605830193
9,126,86,-0.008305207826197147
10,124,86,-0.026936223730444908
11,129,103,0.07522887736558914
12,116,104,-0.03197706490755081
13,150,90,-0.0021372847259044647
14,140,86,-0.08930354565382004
15,140,55,-0.09439089894294739
16,139,59,-0.05612877756357193
17,136,49,-0.12730032205581665
18,139,52,-0.08305440843105316
19,136,50,-0.11708817631006241
20,135,55,-0.08805178105831146
21,137,54,-0.09723621606826782
22,135,58,-0.060555871576070786
23,133,180,0.009284041821956635
24,123,181,-0.009261632338166237
25,131,236,0.010657689534127712
26,118,237,0.0032402542419731617
27,125,285,0.12958070635795593
28,115,282,0.1309906542301178
29,123,284,0.1357729434967041
30,117,288,0.13734617829322815
31,122,298,0.03224071487784386
32,110,296,0.030772939324378967
0,124,81,0.12162559479475021
1,121,77,0.11330846697092056
2,120,77,0.1133340522646904
3,120,77,0.1133384257555008
4,122,77,0.09434808790683746
5,122,77,0.0943615511059761
6,122,77,0.09432173520326614
7,118,79,0.09502479434013367
8,120,79,0.006820002570748329
9,123,84,0.12120348960161209
10,124,84,0.09566985070705414
11,107,99,0.12012487649917603
12,130,97,-0.04121081903576851
13,120,79,0.16135746240615845
14,154,74,-0.05539125204086304
15,125,48,0.14577427506446838
16,140,46,0.015407261438667774
17,124,41,0.13486981391906738
18,140,38,0.005011559464037418
19,123,43,0.13358528912067413
20,136,39,-0.0020618345588445663
21,127,45,0.14215515553951263
22,135,42,0.014695758000016212
23,118,178,0.04669367894530296
24,129,179,-0.046890709549188614
25,113,235,0.039055075496435165
26,129,235,-0.03574738651514053
27,103,286,0.07962030917406082
28,133,283,0.009333795867860317
29,101,289,0.08031395822763443
30,129,289,0.012353001162409782
31,100,295,0.032092947512865067
32,134,294,-0.04499181732535362
0,119,78,0.11352629214525223
1,115,74,0.09942198544740677
2,114,74,0.09944601356983185
3,112,74,0.09947645664215088
4,119,74,0.08383692800998688
5,120,74,0.08384469896554947
6,121,74,0.08376678824424744
7,110,76,0.08924137055873871
8,120,76,-0.001769490190781653
9,116,82,0.1052975133061409
10,121,82,0.08396698534488678
11,97,94,0.11468911170959473
12,131,92,-0.07579302787780762
13,107,70,0.15974804759025574
14,155,67,-0.061168182641267776
15,122,44,0.1795230507850647
16,144,39,0.03410907834768295
17,124,37,0.1810954362154007
18,144,31,0.03206675499677658
19,125,36,0.17199236154556274
20,139,31,0.027736950665712357
21,126,39,0.17506632208824158
22,138,34,0.036034174263477325
23,109,176,0.05326944589614868
24,130,176,-0.05362924560904503
25,106,232,0.04280758276581764
26,130,233,-0.03943842649459839
27,97,284,0.05735471472144127
28,133,283,-0.027496108785271645
29,96,289,0.05659939721226692
30,129,289,-0.027073008939623833
31,97,292,0.022338708862662315
32,134,291,-0.07576680183410645
0,112,74,0.14674176275730133
1,108,71,0.13132640719413757
2,107,71,0.13136345148086548
3,105,71,0.13137733936309814
4,112,71,0.11675269901752472
5,114,71,0.11677198857069016
6,115,71,0.11670795828104019
7,102,73,0.08479456603527069
8,115,73,0.012157372198998928
9,109,78,0.13548643887043
10,114,78,0.11521551758050919
11,92,91,0.11208142340183258
12,128,88,-0.06241561472415924
13,104,65,0.18280567228794098
14,151,58,-0.05310241878032684
15,124,37,0.19461336731910706
16,145,25,0.03491956368088722
17,125,29,0.19673128426074982
18,149,22,0.029633941128849983
19,127,29,0.18516935408115387
20,142,22,0.030575700104236603
21,128,30,0.1892036497592926
22,141,24,0.03834719955921173
23,102,174,0.05452414229512215
24,129,172,-0.05493032559752464
25,103,229,0.050853557884693146
26,128,230,-0.045308228582143784
27,97,284,0.07220970839262009
28,130,284,-0.026578634977340698
29,97,289,0.07284323126077652
30,127,289,-0.025273725390434265
31,98,292,0.030978379771113396
32,131,291,-0.07792174816131592
0,105,73,0.18439149856567383
1,102,71,0.16840891540050507
2,100,71,0.1684873253107071
3,98,71,0.16848431527614594
4,106,71,0.1553385704755783
5,107,70,0.15536309778690338
6,108,70,0.15529535710811615
7,96,73,0.11408568918704987
8,108,72,0.052842315286397934
9,103,77,0.17208077013492584
10,108,76,0.15400926768779755
11,86,89,0.14766018092632294
12,122,85,-0.03446594625711441
13,103,66,0.24972125887870789
14,128,59,-0.0032546648290008307
15,123,38,0.30483394861221313
16,142,27,0.12091368436813354
17,125,29,0.319370836019516
18,147,22,0.12505684792995453
19,127,29,0.3081963062286377
20,141,22,0.12775155901908875
21,127,32,0.3013507127761841
22,140,24,0.12657786905765533
23,97,173,0.05623515695333481
24,123,170,-0.05667736008763313
25,100,228,0.042980413883924484
26,128,228,-0.05046498775482178
27,98,284,0.04686809331178665
28,129,285,-0.04806124418973923
29,95,290,0.04630002751946449
30,126,289,-0.047109927982091904
31,102,293,0.010725829750299454
32,130,291,-0.09534096717834473
0,101,72,0.18045377731323242
1,97,70,0.16463704407215118
2,95,70,0.1647329181432724
3,94,70,0.16473296284675598
4,101,69,0.1512197107076645
5,102,69,0.15123309195041656
6,103,69,0.15115806460380554
7,91,72,0.11520648002624512
8,103,71,0.053097739815711975
9,98,76,0.1701437383890152
10,103,75,0.1515941470861435
11,80,90,0.1571105569601059
12,117,84,-0.03170035779476166
13,97,69,0.2789832055568695
14,124,59,0.0154421366751194
15,118,39,0.352798730134964
16,138,29,0.17176862061023712
17,122,32,0.3742753267288208
18,146,25,0.1821977198123932
19,122,32,0.3592720627784729
20,141,26,0.18343083560466766
21,122,35,0.34885406494140625
22,139,27,0.17819306254386902
23,93,173,0.061986371874809265
24,117,171,-0.06245581433176994
25,96,228,0.04598230496048927
26,122,228,-0.05474928766489029
27,99,287,0.0478966049849987
28,128,286,-0.06122376397252083
29,98,294,0.04740472137928009
30,123,292,-0.060673788189888
31,105,293,0.013291961513459682
32,128,292,-0.10676679015159607
