0,199,48,0.28789469599723816
1,199,45,0.2569691240787506
2,198,45,0.2569640874862671
3,197,46,0.2569540739059448
4,202,44,0.2796432077884674
5,203,44,0.279712051153183
6,204,44,0.2796548008918762
7,199,48,0.12788906693458557
8,207,46,0.22554993629455566
9,198,53,0.2441396862268448
10,201,52,0.27206718921661377
11,193,77,-0.033513814210891724
12,227,72,0.24645042419433594
13,201,124,-0.10530649870634079
14,248,114,0.2552097737789154
15,188,161,-0.07083593308925629
16,249,151,0.23204021155834198
17,187,171,-0.09319697320461273
18,250,159,0.23347416520118713
19,184,172,-0.07878974825143814
20,248,161,0.22192102670669556
21,184,170,-0.06466422975063324
22,246,158,0.224116712808609
23,236,149,-0.11077746748924255
24,258,145,0.11062339693307877
25,226,218,-0.17040470242500305
26,233,186,0.10096629709005356
27,250,288,-0.1666567474603653
28,250,242,0.18095356225967407
29,262,299,-0.16703574359416962
30,256,250,0.1860923171043396
31,228,302,-0.22510720789432526
32,239,256,0.15696385502815247
0,199,50,0.2788083255290985
1,199,46,0.2467951774597168
2,198,46,0.24677549302577972
3,198,46,0.24675096571445465
4,202,45,0.2604616582393646
5,204,45,0.2604526877403259
6,205,44,0.260408490896225
7,199,49,0.11026202142238617
8,208,47,0.16804516315460205
9,198,54,0.23382636904716492
10,202,53,0.250641405582428
11,193,77,-0.03251916915178299
12,227,73,0.18120312690734863
13,201,123,-0.06869149208068848
14,249,115,0.21028122305870056
15,189,160,0.013033419847488403
16,247,147,0.23050539195537567
17,187,171,0.005904342047870159
18,248,154,0.23822525143623352
19,184,170,0.023944994434714317
20,244,155,0.22837167978286743
21,185,168,0.02304621785879135
22,243,153,0.22412261366844177
23,236,149,-0.09036881476640701
24,259,145,0.08998893201351166
25,214,197,0.026316426694393158
26,234,177,0.26902347803115845
27,241,236,-0.007967682555317879
28,238,198,0.2503814101219177
29,250,240,-0.008025341667234898
30,241,202,0.24984858930110931
31,230,250,-0.006271407939493656
32,227,206,0.26075252890586853
0,199,50,0.25708889961242676
1,199,46,0.22272905707359314
2,199,47,0.22273200750350952
3,198,47,0.22271232306957245
4,203,46,0.23806749284267426
5,204,45,0.23801520466804504
6,206,45,0.2379380315542221
7,199,49,0.0847097709774971
8,209,47,0.15252046287059784
9,198,55,0.2120453268289566
10,202,54,0.23092761635780334
11,193,77,-0.048985015600919724
12,227,73,0.17687025666236877
13,202,123,-0.07482798397541046
14,249,115,0.21624085307121277
15,189,160,0.02046053856611252
16,243,144,0.3081468641757965
17,187,171,0.013410952873528004
18,243,151,0.32916948199272156
19,184,170,0.03197518363595009
20,239,151,0.3118804395198822
21,186,167,0.03082435391843319
22,238,148,0.30241701006889343
23,236,149,-0.08989346027374268
24,261,147,0.08955979347229004
25,208,194,0.025000881403684616
26,239,177,0.24057962000370026
27,239,230,0.04964864253997803
28,232,179,0.3018721342086792
29,250,234,0.056110840290784836
30,232,180,0.31125253438949585
31,230,242,0.07814528048038483
32,220,179,0.34289053082466125
0,201,52,0.3382894992828369
1,201,48,0.3067561388015747
2,200,48,0.30679836869239807
3,200,49,0.3068285286426544
4,205,48,0.32769331336021423
5,206,47,0.3276917338371277
6,208,47,0.3276091516017914
7,201,51,0.17649491131305695
8,211,50,0.26673197746276855
9,200,57,0.294027179479599
10,204,57,0.3197658658027649
11,196,79,0.014907654374837875
12,229,78,0.2858489453792572
13,202,126,-0.03525451570749283
14,238,120,0.31298375129699707
15,186,160,-0.0003242714738007635
16,219,146,0.3003210723400116
17,182,170,-0.023517677560448647
18,217,152,0.3063153624534607
19,181,168,-0.004896622151136398
20,212,153,0.2857847511768341
21,181,165,0.0075419205240905285
22,212,150,0.29059502482414246
23,241,155,-0.10462947189807892
24,261,153,0.10476195067167282
25,218,224,-0.15978100895881653
26,239,200,0.13015811145305634
27,247,291,-0.18895401060581207
28,248,258,0.14972488582134247
29,255,292,-0.19230632483959198
30,253,265,0.14944463968276978
31,233,310,-0.2298089563846588
32,237,274,0.11773008853197098
0,204,54,0.3403661251068115
1,204,50,0.3060435950756073
2,204,51,0.30608269572257996
3,203,51,0.30608710646629333
4,208,50,0.32979556918144226
5,210,50,0.3298025131225586
6,212,49,0.3297569751739502
7,204,53,0.1694558709859848
8,216,52,0.27286356687545776
9,203,59,0.2938489019870758
10,208,59,0.3236558437347412
11,200,83,0.005589941516518593
12,233,82,0.2996116280555725
13,202,132,-0.009306255728006363
14,232,129,0.327360063791275
15,182,159,0.07231593132019043
16,209,155,0.30550500750541687
17,178,166,0.048863690346479416
18,205,158,0.30992403626441956
19,177,163,0.06712576746940613
20,201,158,0.28553882241249084
21,179,161,0.08022691309452057
22,201,157,0.29355427622795105
23,246,163,-0.11096703261137009
24,263,162,0.1111844852566719
25,218,236,-0.1696275770664215
26,239,226,0.08653359860181808
27,247,305,-0.17763350903987885
28,252,291,0.093620665371418
29,255,303,-0.17773756384849548
30,260,296,0.09215526282787323
31,233,320,-0.20888535678386688
32,250,310,0.04697902873158455
0,208,57,0.25152352452278137
1,208,53,0.21246223151683807
2,208,53,0.2124711126089096
3,207,53,0.21242643892765045
4,212,52,0.23453906178474426
5,214,52,0.23451723158359528
6,216,51,0.23444482684135437
7,209,56,0.08123472332954407
8,220,54,0.17814666032791138
9,207,62,0.20851369202136993
10,212,62,0.23645733296871185
11,206,86,-0.054761238396167755
12,237,85,0.23192153871059418
13,199,136,-0.006857545580714941
14,226,130,0.3195534348487854
15,181,152,0.1528787761926651
16,196,150,0.25825098156929016
17,177,152,0.14225035905838013
18,187,153,0.26410096883773804
19,177,147,0.14852270483970642
20,187,147,0.23146118223667145
21,179,147,0.1588781177997589
22,189,147,0.24404920637607574
23,248,171,-0.10836108028888702
24,266,169,0.1086987778544426
25,215,237,-0.15242716670036316
26,238,225,0.10228154063224792
27,247,297,-0.1606685072183609
28,253,289,0.10486314445734024
29,257,300,-0.16774362325668335
30,262,294,0.10374250262975693
31,243,319,-0.14349918067455292
32,254,307,0.07262945175170898
0,213,60,0.21644152700901031
1,213,55,0.1755789965391159
2,212,56,0.17559814453125
3,211,56,0.17556090652942657
4,217,55,0.19917790591716766
5,218,55,0.19914625585079193
6,220,54,0.19905635714530945
7,213,59,0.039427533745765686
8,224,57,0.14303307235240936
9,212,66,0.17163409292697906
10,217,66,0.2013562172651291
11,209,89,-0.0980370044708252
12,241,88,0.2029191255569458
13,197,140,-0.01909843273460865
14,228,131,0.2975529730319977
15,181,141,0.18365788459777832
16,199,137,0.27255702018737793
17,178,141,0.1779608130455017
18,188,139,0.28307053446769714
19,178,136,0.18351073563098907
20,190,137,0.24671193957328796
21,179,136,0.19062525033950806
22,192,137,0.2583843767642975
23,249,176,-0.11017052829265594
24,269,173,0.11046503484249115
25,215,239,-0.15201632678508759
26,236,226,0.10956288874149323
27,247,294,-0.13740219175815582
28,253,289,0.13027788698673248
29,257,300,-0.1308620423078537
30,265,298,0.13165242969989777
31,245,316,-0.10947717726230621
32,255,307,0.10749777406454086
0,223,64,0.10903339833021164
1,222,60,0.06785227358341217
2,220,60,0.06788969039916992
3,219,61,0.06789347529411316
4,226,59,0.08731620013713837
5,228,59,0.08728757500648499
6,230,59,0.08721286803483963
7,219,64,-0.05967972055077553
8,232,62,0.02752803824841976
9,221,70,0.07093442976474762
10,226,70,0.09604232013225555
11,214,97,-0.14948062598705292
12,245,93,0.09290754050016403
13,195,145,-0.03925371170043945
14,232,130,0.20337045192718506
15,180,125,0.14949791133403778
16,199,123,0.2664317786693573
17,177,121,0.15275578200817108
18,190,119,0.27925384044647217
19,179,117,0.15774904191493988
20,192,117,0.25247377157211304
21,181,118,0.15778139233589172
22,194,118,0.2581186592578888
23,248,185,-0.09387444704771042
24,271,182,0.09400824457406998
25,223,238,-0.0008580964058637619
26,255,234,0.2417927384376526
27,247,286,0.03171199560165405
28,262,282,0.26636648178100586
29,259,293,0.03771968185901642
30,268,291,0.271559476852417
31,244,293,0.053256381303071976
32,253,293,0.2786407768726349
0,228,70,0.0770208016037941
1,228,65,0.03501197695732117
2,226,66,0.03505083918571472
3,225,66,0.035077810287475586
4,232,64,0.057972535490989685
5,234,64,0.057941045612096786
6,236,64,0.057908251881599426
7,225,69,-0.08632517606019974
8,239,66,0.015223262831568718
9,227,75,0.04187728092074394
10,231,75,0.07123474776744843
11,219,102,-0.1667947918176651
12,251,99,0.09753744304180145
13,194,145,-0.07678160071372986
14,237,129,0.2199993133544922
15,188,112,0.11134562641382217
16,208,105,0.3956722319126129
17,188,103,0.11404977738857269
18,201,97,0.4277513921260834
19,193,100,0.11323637515306473
20,201,96,0.41232967376708984
21,195,103,0.11744508892297745
22,203,99,0.39344322681427
23,250,193,-0.08781588077545166
24,271,192,0.08778324723243713
25,227,236,0.10801548510789871
26,256,253,0.2601586580276489
27,247,282,0.17556147277355194
28,261,294,0.25533947348594666
29,256,289,0.18661262094974518
30,265,303,0.257383793592453
31,242,290,0.21085596084594727
32,251,304,0.256052702665329
0,229,88,0.09354222565889359
1,229,83,0.05373759940266609
2,229,83,0.05375082045793533
3,228,83,0.05372101068496704
4,232,82,0.08463484793901443
5,234,81,0.0846639946103096
6,236,81,0.08462078124284744
7,232,84,-0.06444822996854782
8,242,81,0.0719396099448204
9,230,94,0.05896419659256935
10,233,93,0.09878861904144287
11,232,113,-0.16050253808498383
12,259,113,0.1511048674583435
13,197,145,-0.08583066612482071
14,243,122,0.30656516551971436
15,207,100,0.09699735045433044
16,216,92,0.3941577076911926
17,207,90,0.09661257266998291
18,213,86,0.4218672513961792
19,212,90,0.0905236303806305
20,218,86,0.39942285418510437
21,213,93,0.0998908206820488
22,220,89,0.38706475496292114
23,257,210,-0.09100557863712311
24,274,209,0.0909816175699234
25,256,271,-0.015705125406384468
26,267,269,0.2327609807252884
27,250,282,0.15318505465984344
28,260,284,0.27915531396865845
29,254,287,0.17668993771076202
30,257,290,0.29582926630973816
31,242,274,0.21511323750019073
32,239,294,0.3306034207344055
0,236,90,0.025762658566236496
1,236,84,-0.014878075569868088
2,235,84,-0.014879357069730759
3,235,84,-0.0149402916431427
4,238,84,0.014094940386712551
5,240,83,0.014141170307993889
6,242,83,0.01408995408564806
7,239,86,-0.1310759335756302
8,247,85,-0.00129609031137079
9,237,95,-0.007513387128710747
10,240,96,0.03005843609571457
11,239,117,-0.19279628992080688
12,266,115,0.08431699872016907
13,202,134,-0.10753436386585236
14,248,117,0.2948315739631653
15,216,93,0.09084278345108032
16,222,86,0.4415470361709595
17,219,83,0.09073513746261597
18,225,78,0.46039801836013794
19,223,83,0.04981385916471481
20,228,78,0.4424470365047455
21,223,86,0.07665985822677612
22,228,82,0.43643102049827576
23,262,215,-0.07999496161937714
24,276,213,0.079986073076725
25,253,260,0.1305021345615387
26,266,256,0.26888522505760193
27,255,282,0.3550017476081848
28,259,282,0.43780481815338135
29,254,287,0.3805350065231323
30,257,289,0.45939353108406067
31,238,275,0.38302215933799744
32,236,291,0.4635831117630005
0,237,91,0.04784081131219864
1,238,85,0.012702659703791142
2,238,85,0.012680654413998127
3,238,85,0.012632791884243488
4,240,85,0.04406128451228142
5,241,84,0.0440467931330204
6,242,84,0.04396844282746315
7,242,88,-0.09357449412345886
8,249,86,0.04535669460892677
9,239,97,0.01655563712120056
10,241,97,0.05709787830710411
11,241,118,-0.17474709451198578
12,270,117,0.12678800523281097
13,204,130,-0.11404005438089371
14,256,116,0.34562647342681885
15,219,89,0.08731666207313538
16,233,86,0.5326725244522095
17,222,79,0.08949282765388489
18,233,78,0.5644672513008118
19,227,79,0.06272853910923004
20,235,77,0.5541114807128906
21,227,83,0.08209120482206345
22,236,82,0.532187283039093
23,262,217,-0.08139333873987198
24,280,217,0.08123115450143814
25,258,268,0.0830797478556633
26,273,270,0.22099684178829193
27,259,298,0.22814908623695374
28,268,298,0.3327065110206604
29,264,326,0.24444842338562012
30,274,330,0.34612780809402466
31,245,298,0.24288778007030487
32,256,322,0.3462594449520111
0,246,95,0.06826406717300415
1,246,90,0.03256823495030403
2,246,90,0.0325184240937233
3,245,90,0.03244252875447273
4,247,90,0.06521830707788467
5,249,90,0.0652095377445221
6,250,89,0.0650910884141922
7,249,92,-0.08030446618795395
8,255,91,0.06398112326860428
9,247,100,0.03366902843117714
10,249,101,0.07573395222425461
11,248,121,-0.16847622394561768
12,275,121,0.1405581682920456
13,212,127,-0.12173543125391006
14,263,115,0.3379139304161072
15,227,88,0.07990293204784393
16,242,85,0.4926109313964844
17,231,79,0.08310715109109879
18,242,77,0.5208984613418579
19,234,78,0.05876176059246063
20,243,77,0.5065869688987732
21,234,82,0.07498437166213989
22,244,81,0.48916029930114746
23,267,220,-0.08277463167905807
24,285,221,0.08263266086578369
25,270,280,0.03597607463598251
26,282,282,0.16562704741954803
27,272,326,0.14630478620529175
28,284,334,0.24939775466918945
29,277,336,0.15830904245376587
30,288,345,0.25846031308174133
31,257,331,0.1443907916545868
32,271,343,0.2361322045326233
0,253,104,0.07874435931444168
1,253,98,0.04392799735069275
2,253,98,0.04391467943787575
3,253,98,0.043820470571517944
4,255,98,0.07808787375688553
5,256,99,0.07812583446502686
6,257,99,0.07807041704654694
7,255,101,-0.06416995823383331
8,261,101,0.07196447253227234
9,253,109,0.04620075225830078
10,255,109,0.08993148058652878
11,253,126,-0.16404137015342712
12,279,127,0.180511474609375
13,217,124,-0.10797900706529617
14,262,116,0.3611043095588684
15,234,91,0.1325167566537857
16,249,88,0.4949849545955658
17,236,81,0.13919289410114288
18,246,79,0.5277932286262512
19,239,80,0.12691998481750488
20,248,78,0.5094321966171265
21,240,84,0.1349261850118637
22,249,82,0.48908665776252747
23,273,224,-0.08554740250110626
24,289,227,0.08554216474294662
25,278,280,-0.10764216631650925
26,291,294,0.10685897618532181
27,274,301,0.12715975940227509
28,289,326,0.2019840031862259
29,275,300,0.15197297930717468
30,290,333,0.2156093418598175
31,263,291,0.18750667572021484
32,279,330,0.2252698391675949
0,262,122,0.04508252441883087
1,263,118,0.012544529512524605
2,262,118,0.01266027707606554
3,262,117,0.012729708105325699
4,265,118,0.0417310856282711
5,266,117,0.04179048910737038
6,267,117,0.04183941334486008
7,264,120,-0.08598761260509491
8,271,119,0.045278362929821014
9,262,126,0.017976459115743637
10,264,126,0.05592098832130432
11,263,141,-0.1525343954563141
12,285,145,0.13602732121944427
13,234,125,-0.13085822761058807
14,268,119,0.3377838134765625
15,237,96,0.0016911305719986558
16,255,93,0.462009996175766
17,236,86,-0.004233816172927618
18,252,84,0.48067620396614075
19,240,85,-0.01865336298942566
20,253,82,0.4651663601398468
21,241,89,0.00046775673399679363
22,254,86,0.4575479328632355
23,281,238,-0.08261393755674362
24,295,242,0.0824621245265007
25,263,224,0.11863191425800323
26,283,248,0.24167554080486298
27,240,212,0.35996896028518677
28,286,233,0.47066977620124817
29,236,217,0.3847845196723938
30,272,235,0.49606576561927795
31,233,187,0.3751234710216522
32,272,216,0.5042036175727844
0,267,136,0.029155386611819267
1,268,134,0.0055589331313967705
2,269,134,0.005661377217620611
3,269,134,0.0057569630444049835
4,269,133,0.031184280291199684
5,270,133,0.031258225440979004
6,270,133,0.031218715012073517
7,271,137,-0.07127288728952408
8,272,135,0.04889105632901192
9,268,140,0.007480943575501442
10,267,141,0.04124629124999046
11,275,154,-0.14782142639160156
12,282,151,0.11429481953382492
13,248,135,-0.2003486603498459
14,265,124,0.2319372445344925
15,243,121,-0.16905860602855682
16,248,104,0.2731724679470062
17,240,117,-0.18109290301799774
18,245,91,0.29366832971572876
19,244,118,-0.18087193369865417
20,246,93,0.26289814710617065
21,244,120,-0.16746743023395538
22,247,101,0.26144421100616455
23,290,241,-0.08166246861219406
24,291,242,0.0815005898475647
25,288,269,-0.04897614195942879
26,284,266,0.1421157419681549
27,267,203,0.12041385471820831
28,277,233,0.24731478095054626
29,260,195,0.14099982380867004
30,270,232,0.2624375820159912
31,265,178,0.20498882234096527
32,270,216,0.3101242780685425
0,265,141,0.029352085664868355
1,268,138,0.008125719614326954
2,268,138,0.00815504975616932
3,268,138,0.008131274953484535
4,269,137,0.028695635497570038
5,270,137,0.028727838769555092
6,271,137,0.028660058975219727
7,273,141,-0.06329986453056335
8,275,139,0.03559625893831253
9,267,145,0.008960867300629616
10,268,145,0.03594379499554634
11,276,159,-0.10991651564836502
12,284,155,0.0718054473400116
13,247,145,-0.0637536272406578
14,267,129,0.16786064207553864
15,249,129,0.04889442399144173
16,248,112,0.203060120344162
17,247,127,0.05566029995679855
18,246,103,0.21922390162944794
19,248,125,0.05349617823958397
20,247,107,0.19760285317897797
21,249,125,0.05158416926860809
22,247,108,0.19573776423931122
23,290,238,-0.057560794055461884
24,289,237,0.05707864835858345
25,304,281,-0.07201743125915527
26,284,278,0.09216336160898209
27,281,228,0.15567414462566376
28,274,264,0.2472023069858551
29,272,236,0.18685346841812134
30,270,254,0.26870062947273254
31,266,237,0.2585466802120209
32,269,261,0.3259623646736145
0,281,156,0.05109739303588867
1,282,152,0.026855306699872017
2,282,152,0.02689260058104992
3,282,153,0.02688363753259182
4,284,152,0.046145930886268616
5,285,152,0.04612874984741211
6,286,152,0.04604490101337433
7,284,155,-0.04044986143708229
8,288,154,0.036348652094602585
9,281,160,0.02795865572988987
10,283,160,0.052445895969867706
11,284,172,-0.07251360267400742
12,292,173,0.05071509629487991
13,256,156,-0.0341791994869709
14,275,150,0.1410401165485382
15,256,137,0.08166338503360748
16,258,131,0.21142390370368958
17,253,132,0.08690663427114487
18,254,125,0.22783011198043823
19,255,131,0.08732482045888901
20,255,125,0.21173521876335144
21,257,134,0.08460058271884918
22,257,127,0.20689788460731506
23,296,255,-0.023049620911478996
24,296,254,0.022731514647603035
25,306,287,-0.048517413437366486
26,302,292,0.001041604671627283
27,288,278,0.15275274217128754
28,287,285,0.15969832241535187
29,286,276,0.1780107170343399
30,283,282,0.18127501010894775
31,274,291,0.2155773788690567
32,283,290,0.21249859035015106
0,287,167,0.09150557965040207
1,288,163,0.06697186827659607
2,288,163,0.0669528916478157
3,287,163,0.06691396981477737
4,291,163,0.09308004379272461
5,293,163,0.09295141696929932
6,294,163,0.09283247590065002
7,289,166,-0.01729864813387394
8,297,166,0.10009822249412537
9,286,171,0.06326598674058914
10,289,171,0.09698205441236496
11,289,187,-0.09589976817369461
12,302,188,0.15003645420074463
13,260,182,-0.13612736761569977
14,286,174,0.2568148374557495
15,263,161,-0.053694285452365875
16,268,151,0.30204594135284424
17,260,155,-0.06318142265081406
18,263,145,0.3152889311313629
19,263,155,-0.05923893302679062
20,263,145,0.2860647737979889
21,264,158,-0.050035540014505386
22,266,149,0.2892521321773529
23,300,281,-0.06825356185436249
24,304,276,0.06824192404747009
25,303,315,-0.15564797818660736
26,305,306,0.07475952059030533
27,302,335,-0.09772614389657974
28,296,341,0.02514522522687912
29,304,337,-0.08971966058015823
30,295,345,0.02006424590945244
31,298,346,-0.07708097249269485
32,286,358,0.008952452801167965
0,295,187,0.0831313356757164
1,298,184,0.05540410801768303
2,298,184,0.05555231496691704
3,297,184,0.0556984543800354
4,299,184,0.09218999743461609
5,300,184,0.09196528047323227
6,301,184,0.0915650725364685
7,301,188,-0.02463417872786522
8,306,187,0.10639892518520355
9,296,191,0.05859009176492691
10,297,191,0.0948805883526802
11,298,207,-0.10622971504926682
12,311,208,0.19014783203601837
