0,124,168,-0.20126399397850037
1,121,164,-0.19337280094623566
2,121,164,-0.1934160590171814
3,121,164,-0.19351451098918915
4,121,166,-0.21718715131282806
5,121,166,-0.21724016964435577
6,121,166,-0.21731139719486237
7,117,167,-0.14220716059207916
8,117,169,-0.24987566471099854
9,123,172,-0.17838825285434723
10,123,173,-0.20981793105602264
11,111,181,-0.06449826806783676
12,113,200,-0.2606559991836548
13,126,200,0.03101060912013054
14,120,231,-0.2638467252254486
15,143,206,0.05881747975945473
16,134,241,-0.23165234923362732
17,147,207,0.06935225427150726
18,137,244,-0.24821996688842773
19,148,206,0.049767009913921356
20,138,241,-0.2516704797744751
21,146,206,0.051977772265672684
22,136,240,-0.23233681917190552
23,135,223,0.06640782207250595
24,135,235,-0.06640640646219254
25,173,216,0.10442765802145004
26,179,224,-0.08777939528226852
27,170,230,0.2247556447982788
28,171,230,0.1273723989725113
29,167,233,0.23834645748138428
30,165,232,0.1530858874320984
31,179,232,0.26409903168678284
32,182,227,0.20189400017261505
0,128,168,-0.175843745470047
1,126,164,-0.17537987232208252
2,126,164,-0.17542962729930878
3,125,164,-0.17551018297672272
4,126,165,-0.19771364331245422
5,126,165,-0.19780467450618744
6,125,166,-0.19789820909500122
7,121,167,-0.1471666842699051
8,121,170,-0.2499091476202011
9,126,171,-0.16174975037574768
10,126,173,-0.19121083617210388
11,112,181,-0.0831637755036354
12,116,197,-0.2607804834842682
13,126,204,-0.008897376246750355
14,137,225,-0.2540684640407562
15,145,210,0.008289612829685211
16,163,226,-0.2204779088497162
17,150,211,0.008040922693908215
18,171,228,-0.24366086721420288
19,151,209,-0.00973723828792572
20,170,223,-0.24205800890922546
21,149,210,0.0008498558308929205
22,167,222,-0.2196449339389801
23,135,223,0.057856857776641846
24,136,235,-0.057752422988414764
25,168,221,0.16024310886859894
26,170,230,0.025647811591625214
27,171,231,0.3241393268108368
28,171,237,0.22429494559764862
29,169,234,0.34113141894340515
30,167,241,0.24540236592292786
31,180,231,0.34233808517456055
32,183,232,0.2514755129814148
0,137,169,-0.22677859663963318
1,135,165,-0.23011809587478638
2,135,165,-0.23016835749149323
3,134,165,-0.23025882244110107
4,136,166,-0.24939203262329102
5,135,166,-0.24950933456420898
6,135,166,-0.24963881075382233
7,130,168,-0.21083307266235352
8,130,171,-0.29887840151786804
9,134,172,-0.21330997347831726
10,134,173,-0.23890653252601624
11,118,180,-0.14696303009986877
12,120,198,-0.294670969247818
13,133,200,-0.060734134167432785
14,147,226,-0.2847057580947876
15,155,207,-0.02684779465198517
16,176,231,-0.27765777707099915
17,159,208,-0.027532899752259254
18,184,234,-0.30801257491111755
19,162,207,-0.0451805405318737
20,184,230,-0.3069566786289215
21,160,208,-0.033767182379961014
22,180,228,-0.2783607840538025
23,136,222,0.044205985963344574
24,136,233,-0.04413240775465965
25,164,236,0.1680803745985031
26,160,242,0.08159810304641724
27,172,239,0.3627944886684418
28,171,249,0.2799336016178131
29,172,240,0.38298699259757996
30,169,251,0.2994864284992218
31,182,237,0.36374157667160034
32,187,244,0.2688441872596741
0,135,167,-0.09230808913707733
1,134,165,-0.09498602896928787
2,134,165,-0.09504052996635437
3,133,165,-0.09508228302001953
4,135,165,-0.11140206456184387
5,134,165,-0.1114635318517685
6,134,166,-0.11160123348236084
7,128,166,-0.08840028941631317
8,129,169,-0.16304950416088104
9,132,169,-0.08476869016885757
10,133,169,-0.10673794150352478
11,118,176,-0.04251411557197571
12,120,188,-0.1800617128610611
13,135,188,-0.00046767632011324167
14,142,211,-0.17769069969654083
15,147,184,0.011004773899912834
16,167,221,-0.14325344562530518
17,146,183,0.015450774691998959
18,173,225,-0.1557512730360031
19,148,180,-0.005459618289023638
20,174,222,-0.15764854848384857
21,148,181,0.0019168495200574398
22,171,220,-0.14299491047859192
23,136,221,0.04681863635778427
24,136,225,-0.046845242381095886
25,158,242,0.1541866809129715
26,156,241,0.03964370861649513
27,172,256,0.3469531238079071
28,172,257,0.20953434705734253
29,172,260,0.36700180172920227
30,173,261,0.2623806595802307
31,182,256,0.2705895006656647
32,187,256,0.1688137650489807
0,158,178,-0.10315803438425064
1,157,174,-0.10523971170186996
2,156,174,-0.10527131706476212
3,156,174,-0.10529708117246628
4,157,175,-0.12318956106901169
5,157,182,-0.12327852845191956
6,157,182,-0.12344342470169067
7,148,175,-0.10161910951137543
8,150,182,-0.18254995346069336
9,154,182,-0.0972440242767334
10,154,182,-0.12076633423566818
11,137,189,-0.05404255911707878
12,134,200,-0.20665712654590607
13,154,215,-0.010371210053563118
14,157,233,-0.20577289164066315
15,174,230,-0.009542562067508698
16,188,251,-0.18605104088783264
17,178,233,-0.011589267291128635
18,195,255,-0.20370949804782867
19,179,233,-0.02500201389193535
20,195,251,-0.2056705206632614
21,177,232,-0.015650419518351555
22,193,249,-0.18586520850658417
23,147,236,0.04058781638741493
24,146,239,-0.04056980460882187
25,161,249,0.09564979374408722
26,158,255,0.016684142872691154
27,179,259,0.19409695267677307
28,184,264,0.11478903144598007
29,180,261,0.20400521159172058
30,184,267,0.12597538530826569
31,191,262,0.19884414970874786
32,198,263,0.10994741320610046
0,155,166,0.36842215061187744
1,153,165,0.36487090587615967
2,150,167,0.36488664150238037
3,148,167,0.36494243144989014
4,156,164,0.36112985014915466
5,157,165,0.3611222207546234
6,158,165,0.3610137403011322
7,147,169,0.320215106010437
8,158,166,0.3044727146625519
9,152,169,0.35125860571861267
10,156,168,0.34648141264915466
11,138,180,0.23503148555755615
12,160,176,0.22576342523097992
13,152,192,0.1423753947019577
14,168,193,0.15735980868339539
15,144,189,0.061945341527462006
16,176,206,0.13410602509975433
17,143,188,0.047506995499134064
18,180,209,0.13445615768432617
19,146,187,0.058475788682699203
20,179,209,0.14020809531211853
21,147,188,0.06423786282539368
22,177,208,0.1384521722793579
23,149,218,0.0005931221530772746
24,165,211,-0.0009287798893637955
25,154,250,0.010295646265149117
26,161,245,0.013786718249320984
27,177,267,-0.2809765338897705
28,186,266,-0.33006560802459717
29,177,270,-0.3160645663738251
30,188,269,-0.3659059703350067
31,182,277,-0.3573612868785858
32,195,276,-0.41620299220085144
0,168,167,0.2992379069328308
1,168,167,0.29983437061309814
2,164,168,0.29986533522605896
3,163,168,0.2999092936515808
4,169,166,0.2993796765804291
5,169,165,0.2993085980415344
6,170,165,0.29922041296958923
7,161,170,0.2846582531929016
8,169,166,0.2824927270412445
9,167,170,0.293367475271225
10,168,169,0.29256609082221985
11,156,182,0.21461591124534607
12,170,180,0.24478062987327576
13,153,189,0.16749030351638794
14,172,188,0.17248478531837463
15,153,187,0.18565703928470612
16,173,185,0.121587835252285
17,151,186,0.18751157820224762
18,164,184,0.12608855962753296
19,151,185,0.1991235762834549
20,161,183,0.1317892074584961
21,154,187,0.19197945296764374
22,162,184,0.12456832081079483
23,163,220,-0.00589417340233922
24,172,217,0.005484928842633963
25,161,244,0.0014550291234627366
26,175,242,-0.0010519238421693444
27,177,260,-0.28182253241539
28,188,261,-0.32285740971565247
29,178,262,-0.31286415457725525
30,190,264,-0.35618293285369873
31,183,272,-0.33223405480384827
32,194,275,-0.39160779118537903
0,218,176,0.04091683775186539
1,214,171,0.021436242386698723
2,212,171,0.021416321396827698
3,210,174,0.0214222501963377
4,218,172,0.012286942452192307
5,219,173,0.012322851456701756
6,219,173,0.012231935746967793
7,206,172,-0.04072974994778633
8,215,175,-0.07915013283491135
9,214,179,0.026641730219125748
10,217,180,0.015274773351848125
11,181,199,-0.04299776256084442
12,222,197,-0.10775544494390488
13,169,232,0.023103250190615654
14,233,234,-0.040018320083618164
15,183,241,0.10610033571720123
16,223,253,0.06592731922864914
17,185,243,0.11494740843772888
18,221,259,0.07086324691772461
19,189,242,0.11321356892585754
20,219,258,0.07053576409816742
21,189,242,0.10762322694063187
22,219,256,0.0688931867480278
23,199,261,0.014104212634265423
24,218,259,-0.014164119027554989
25,199,244,0.24502351880073547
26,218,254,0.24042262136936188
27,203,254,0.5046442151069641
28,212,258,0.4989859461784363
29,203,259,0.5325809121131897
30,211,261,0.5282167792320251
31,205,245,0.5611076951026917
32,216,252,0.5593180656433105
0,223,174,0.07462555915117264
1,219,169,0.048509497195482254
2,217,169,0.048490069806575775
3,215,169,0.048427194356918335
4,224,170,0.04794570431113243
5,226,170,0.04796493798494339
6,227,171,0.047893643379211426
7,213,171,-0.03321043401956558
8,226,173,-0.034800902009010315
9,219,177,0.05260598659515381
10,224,178,0.052329372614622116
11,189,198,-0.05247528851032257
12,236,197,-0.04606609046459198
13,176,231,0.030406661331653595
14,247,233,0.05335796996951103
15,192,234,0.16719447076320648
16,234,241,0.1989138424396515
17,194,237,0.17664200067520142
18,232,245,0.21307472884655
19,199,234,0.17383447289466858
20,230,241,0.21012850105762482
21,199,234,0.17003560066223145
22,230,240,0.20169216394424438
23,201,264,-0.007161978166550398
24,223,266,0.007182854227721691
25,197,281,0.1780507117509842
26,219,296,0.2081148624420166
27,202,325,0.340481698513031
28,214,330,0.358857125043869
29,203,334,0.3589860200881958
30,213,337,0.376583456993103
31,196,326,0.38373246788978577
32,215,331,0.3866857588291168
0,234,170,0.10378476232290268
1,232,166,0.07465160638093948
2,230,166,0.07463283091783524
3,228,166,0.07458498328924179
4,236,167,0.07412932068109512
5,237,167,0.07411365956068039
6,238,167,0.07398654520511627
7,226,168,-0.013954182155430317
8,239,169,-0.015151802450418472
9,231,174,0.0799754187464714
10,236,175,0.07955893874168396
11,203,194,-0.020677296444773674
12,249,196,-0.046479061245918274
13,187,223,0.09873843193054199
14,273,228,0.06815221160650253
15,207,217,0.2585127055644989
16,255,225,0.23158305883407593
17,210,218,0.2763313949108124
18,251,228,0.24603372812271118
19,214,215,0.26882052421569824
20,252,226,0.23836828768253326
21,214,215,0.2599135935306549
22,250,223,0.23280763626098633
23,206,264,0.005378139670938253
24,231,267,-0.005159830674529076
25,207,298,0.13543355464935303
26,229,306,0.08379048109054565
27,206,343,0.2370898723602295
28,223,347,0.16945897042751312
29,207,352,0.24729317426681519
30,219,355,0.17859865725040436
31,201,346,0.2538459002971649
32,228,352,0.16723205149173737
0,246,167,0.1521071344614029
1,243,163,0.1225309893488884
2,242,163,0.12251308560371399
3,240,163,0.12246299535036087
4,247,164,0.12036127597093582
5,248,164,0.12031019479036331
6,250,164,0.12015251070261002
7,237,165,0.02902761474251747
8,250,167,0.020173072814941406
9,243,172,0.12651854753494263
10,247,172,0.12377507239580154
11,215,191,0.014616110362112522
12,261,194,-0.027078652754426003
13,193,216,0.12437481433153152
14,284,224,0.0797182247042656
15,205,207,0.27588367462158203
16,267,221,0.24326969683170319
17,207,207,0.29325732588768005
18,265,223,0.26495078206062317
19,207,201,0.2936279773712158
20,261,220,0.25651228427886963
21,212,204,0.2798188030719757
22,262,219,0.24543265998363495
23,218,265,0.0055073583498597145
24,243,266,-0.00532262958586216
25,220,312,0.01127670705318451
26,242,310,0.05888717994093895
27,218,363,0.04795436933636665
28,232,357,0.13347668945789337
29,219,373,0.051624175161123276
30,227,366,0.14070582389831543
31,215,366,0.04289120063185692
32,237,362,0.13076326251029968
0,251,165,0.12485407292842865
1,249,160,0.09665638953447342
2,247,160,0.09661847352981567
3,246,160,0.09656933695077896
4,254,161,0.09434884041547775
5,255,162,0.09431199729442596
6,257,162,0.0941803827881813
7,244,163,0.00717498455196619
8,258,165,-0.0032235058024525642
9,249,169,0.10037080943584442
10,253,170,0.0974762961268425
11,223,187,-0.008557982742786407
12,269,192,-0.030362289398908615
13,214,211,0.10224740952253342
14,286,219,0.07462822645902634
15,224,203,0.2785344421863556
16,266,209,0.25704726576805115
17,224,202,0.3009178042411804
18,264,208,0.28790611028671265
19,227,198,0.30609291791915894
20,258,206,0.28188464045524597
21,228,199,0.28566476702690125
22,259,207,0.2607981562614441
23,228,265,-0.0034158651251345873
24,254,265,0.0032589242327958345
25,226,307,0.07874938100576401
26,253,305,0.13652288913726807
27,228,351,0.07110364735126495
28,243,345,0.16386041045188904
29,230,359,0.07097993046045303
30,240,351,0.16689836978912354
31,226,355,0.07117412239313126
32,245,352,0.17044973373413086
0,255,164,0.16488441824913025
1,253,160,0.13204820454120636
2,252,160,0.13206510245800018
3,251,160,0.1320359855890274
4,257,161,0.1358550637960434
5,259,161,0.13582749664783478
6,261,161,0.13569381833076477
7,249,162,0.019721539691090584
8,263,164,0.036466922610998154
9,253,168,0.13198243081569672
10,257,168,0.1367914080619812
11,235,184,-0.011627434752881527
12,278,189,0.012420963495969772
13,223,194,0.10393430292606354
14,282,195,0.15049050748348236
15,231,188,0.2759457528591156
16,266,183,0.37268972396850586
17,233,187,0.29473182559013367
18,264,182,0.4107798635959625
19,234,185,0.29494625329971313
20,262,180,0.40442609786987305
21,235,186,0.2814732789993286
22,262,181,0.37761390209198
23,235,265,-0.007455817423760891
24,265,265,0.007000995334237814
25,228,302,0.11255579441785812
26,267,298,0.15628820657730103
27,231,339,0.07756295055150986
28,256,332,0.18168218433856964
29,234,346,0.07654151320457458
30,252,338,0.18497809767723083
31,227,343,0.08933264762163162
32,256,338,0.20735883712768555
0,264,162,0.1810392290353775
1,263,158,0.14904744923114777
2,261,158,0.14907751977443695
3,260,157,0.1490418165922165
4,266,158,0.15176568925380707
5,268,158,0.15173964202404022
6,269,159,0.15161901712417603
7,258,160,0.03655371069908142
8,272,161,0.04810173809528351
9,262,166,0.14826154708862305
10,266,166,0.1513010412454605
11,244,182,-0.004431616980582476
12,285,186,0.03027109056711197
13,230,191,0.11714546382427216
14,285,187,0.15309381484985352
15,234,179,0.2874152958393097
16,274,172,0.34710243344306946
17,234,177,0.3052898049354553
18,274,171,0.38102081418037415
19,237,175,0.30559685826301575
20,272,169,0.37698984146118164
21,238,176,0.2929128110408783
22,271,170,0.3524307310581207
23,247,261,-0.016103992238640785
24,274,263,0.015645131468772888
25,237,300,0.09526815265417099
26,271,295,0.18373487889766693
27,236,337,0.06252063810825348
28,269,326,0.19821201264858246
29,239,345,0.06164806708693504
30,267,333,0.20210494101047516
31,229,339,0.060330409556627274
32,271,328,0.21435151994228363
0,273,159,0.19199945032596588
1,271,155,0.16217637062072754
2,270,155,0.16221460700035095
3,269,155,0.1621430367231369
4,275,155,0.1625497192144394
5,277,156,0.16254323720932007
6,278,156,0.1624252200126648
7,267,158,0.05450437590479851
8,280,158,0.05596832185983658
9,271,163,0.16048099100589752
10,275,163,0.16054114699363708
11,251,179,0.02048470824956894
12,291,182,0.011699176393449306
13,234,187,0.14146634936332703
14,305,193,0.07600133866071701
15,243,175,0.31238922476768494
16,320,187,0.14778834581375122
17,242,173,0.3323754668235779
18,325,187,0.1661166399717331
19,246,171,0.3361538052558899
20,325,184,0.17339354753494263
21,246,173,0.31954172253608704
22,321,184,0.15593069791793823
23,256,258,-0.01255954522639513
24,282,260,0.01218258123844862
25,247,294,0.07806476950645447
26,281,296,0.17135876417160034
27,246,338,0.07974377274513245
28,276,329,0.19112540781497955
29,249,345,0.08211684972047806
30,273,335,0.197440043091774
31,239,341,0.08287625014781952
32,277,333,0.2096601128578186
0,280,158,0.1841753125190735
1,278,154,0.15451136231422424
2,277,154,0.15450811386108398
3,275,154,0.15443100035190582
4,282,155,0.15492624044418335
5,283,155,0.1549050360918045
6,284,155,0.1547773778438568
7,273,157,0.04944111034274101
8,286,158,0.05045367032289505
9,278,162,0.1535646617412567
10,281,163,0.15357035398483276
11,259,178,0.004729937296360731
12,296,181,0.01624721847474575
13,240,184,0.05573162063956261
14,312,189,0.05351817607879639
15,239,179,0.1628829389810562
16,316,190,0.12747983634471893
17,238,179,0.16526219248771667
18,319,193,0.13981086015701294
19,240,177,0.17359988391399384
20,319,191,0.14309190213680267
21,241,177,0.1696578562259674
22,317,190,0.13259708881378174
23,263,258,-0.023763664066791534
24,290,259,0.023468345403671265
25,256,296,0.10075179487466812
26,284,295,0.19897164404392242
27,257,335,0.16902261972427368
28,278,328,0.29372990131378174
29,261,342,0.17746208608150482
30,276,334,0.3069838881492615
31,248,336,0.1796111762523651
32,276,330,0.3081662058830261
0,295,156,0.17817161977291107
1,295,152,0.14089904725551605
2,294,152,0.14076757431030273
3,293,152,0.1408269703388214
4,298,152,0.13679613173007965
5,299,152,0.136888325214386
6,301,152,0.1369326114654541
7,292,154,0.0187709778547287
8,304,155,0.02958066202700138
9,294,160,0.12845896184444427
10,297,160,0.14127853512763977
11,283,176,-0.03542817011475563
12,318,179,0.001180384075269103
13,262,180,-0.0686260461807251
14,333,190,0.12481674551963806
15,256,162,-0.06061667948961258
16,341,188,0.33073049783706665
17,249,159,-0.07013344764709473
18,346,190,0.3600744903087616
19,250,156,-0.0651521310210228
20,345,188,0.35339245200157166
21,256,156,-0.05887199938297272
22,342,188,0.3352605998516083
23,290,257,-0.02313666231930256
24,311,257,0.02284768596291542
25,287,306,0.016048789024353027
26,303,303,0.07713969796895981
27,282,355,0.0795418918132782
28,297,350,0.13360938429832458
29,284,365,0.08402753621339798
30,295,359,0.1391676515340805
31,275,357,0.04551665857434273
32,298,354,0.10041134804487228
0,317,156,0.07839027047157288
1,316,152,0.05992799624800682
2,315,152,0.05989019200205803
3,314,152,0.05989893898367882
4,319,152,0.05894821137189865
5,320,152,0.05889083445072174
6,321,152,0.058753278106451035
7,314,154,0.0018885227618739009
8,323,154,0.0025676237419247627
9,317,159,0.06174246594309807
10,319,160,0.06201128661632538
11,309,177,-0.01364156510680914
12,332,179,-0.02453513629734516
13,286,178,-0.019684242084622383
14,317,174,-0.040279604494571686
15,274,160,0.07815781980752945
16,325,157,-0.06121082231402397
17,265,158,0.08666718006134033
18,300,154,-0.07142795622348785
19,265,155,0.10732612758874893
20,304,154,-0.07851799577474594
21,271,156,0.09390050917863846
22,320,155,-0.06528972834348679
23,311,261,0.01208021305501461
24,324,257,-0.012219973839819431
25,311,309,0.07292844355106354
26,316,311,0.04092815890908241
27,303,354,0.1605062633752823
28,306,355,0.12142536789178848
29,301,361,0.16669875383377075
30,304,362,0.12976409494876862
31,302,362,0.14915969967842102
32,307,366,0.08199378103017807
0,330,155,0.05123129487037659
1,330,151,0.022652847692370415
2,330,151,0.022600336000323296
3,329,151,0.022537503391504288
4,333,151,0.0458795465528965
5,334,151,0.04586256667971611
6,335,151,0.04574117064476013
7,330,153,-0.06712226569652557
8,338,153,0.030943328514695168
9,330,158,0.023737875744700432
10,332,158,0.05312024801969528
11,328,176,-0.1449306458234787
12,348,176,0.09662409126758575
13,300,186,-0.11162379384040833
14,327,186,0.2284836769104004
15,293,167,0.05443241074681282
16,306,166,0.3427405059337616
17,287,162,0.05728081241250038
18,297,161,0.36486998200416565
19,290,159,0.058697812259197235
20,299,157,0.3518279194831848
21,293,162,0.061167161911726
22,303,161,0.3385738432407379
23,331,260,-0.059985850006341934
24,341,258,0.06006103381514549
25,333,311,-0.0033771919552236795
26,334,312,0.09972202032804489
27,331,359,0.10537082701921463
28,336,362,0.1754167675971985
29,334,368,0.11542773246765137
30,338,371,0.1830022633075714
31,321,366,0.08560913056135178
32,329,370,0.15365350246429443
0,348,154,0.07114986330270767
1,347,151,0.03918294608592987
2,346,151,0.03913302347064018
3,345,151,0.03907594457268715
4,351,150,0.05386345461010933
5,352,150,0.053862519562244415
6,354,150,0.053742244839668274
7,344,154,-0.06648407131433487
8,357,153,0.005340042989701033
9,347,158,0.03931919485330582
10,350,158,0.05807425454258919
11,337,178,-0.13058562576770782
12,369,177,0.04165535792708397
13,311,187,-0.07291106879711151
14,347,189,0.15470214188098907
15,307,175,0.07640279829502106
16,321,173,0.2748330235481262
17,301,172,0.07777703553438187
18,311,171,0.29436734318733215
19,303,169,0.0810413509607315
20,310,169,0.27881306409835815
21,306,171,0.08204925805330276
22,312,171,0.2706851661205292
