0,273,140,-0.02110707014799118
1,271,137,-0.013027682900428772
2,271,137,-0.013055583462119102
3,271,137,-0.013060202822089195
4,271,137,-0.033849459141492844
5,271,137,-0.03386959806084633
6,270,138,-0.03390788286924362
7,267,139,0.026505284011363983
8,267,139,-0.06745556741952896
9,273,143,-0.004531545098870993
10,272,143,-0.03188381716609001
11,258,152,0.09488482773303986
12,265,153,-0.12154419720172882
13,251,173,0.12548072636127472
14,258,171,-0.1614249348640442
15,252,188,0.11493948847055435
16,265,185,-0.15738625824451447
17,252,192,0.12049891799688339
18,267,189,-0.17621254920959473
19,253,192,0.10455233603715897
20,269,187,-0.1648014336824417
21,254,190,0.10718680918216705
22,268,185,-0.15279482305049896
23,244,188,0.06741835922002792
24,245,189,-0.06738996505737305
25,258,212,0.06892960518598557
26,252,216,-0.12194870412349701
27,244,238,0.11258555948734283
28,223,233,-0.08518931269645691
29,240,245,0.11457666009664536
30,215,233,-0.08243406563997269
31,253,248,0.09382248669862747
32,223,248,-0.11661611497402191
0,273,140,-0.01960638538002968
1,271,137,-0.012204856611788273
2,271,137,-0.012233061715960503
3,271,137,-0.012238284572958946
4,271,138,-0.03264109045267105
5,270,138,-0.032659489661455154
6,270,138,-0.03270603343844414
7,267,139,0.02491716481745243
8,266,140,-0.06756782531738281
9,272,143,-0.004177745897322893
10,272,143,-0.031130310148000717
11,257,152,0.08947499841451645
12,264,153,-0.12155596166849136
13,250,172,0.12529832124710083
14,257,171,-0.15554039180278778
15,251,187,0.11990652233362198
16,265,184,-0.14565441012382507
17,251,191,0.12466876953840256
18,267,189,-0.1631975919008255
19,252,191,0.10991457104682922
20,269,187,-0.15620282292366028
21,253,189,0.11270460486412048
22,268,185,-0.14251531660556793
23,243,188,0.06719305366277695
24,245,189,-0.0671829879283905
25,254,212,0.0805375948548317
26,252,216,-0.10803668946027756
27,243,239,0.1352863758802414
28,224,233,-0.06388482451438904
29,240,246,0.13823069632053375
30,216,232,-0.06051446869969368
31,253,247,0.11745860427618027
32,223,247,-0.09575528651475906
0,272,141,-0.019272493198513985
1,270,138,-0.012139449827373028
2,270,138,-0.012169374153017998
3,270,138,-0.01217651553452015
4,270,138,-0.03241720050573349
5,269,138,-0.03243514150381088
6,269,139,-0.032482217997312546
7,266,139,0.023677289485931396
8,265,140,-0.0675782710313797
9,271,143,-0.004112945403903723
10,270,143,-0.030762791633605957
11,257,152,0.08850105851888657
12,263,153,-0.12088693678379059
13,250,172,0.12529738247394562
14,256,170,-0.14083212614059448
15,252,186,0.1198057234287262
16,264,184,-0.11091377586126328
17,252,191,0.12262856215238571
18,266,189,-0.12592798471450806
19,254,190,0.10794937610626221
20,268,187,-0.12020907551050186
21,254,189,0.11246000975370407
22,268,185,-0.10781028866767883
23,242,188,0.0656299740076065
24,245,189,-0.0656142309308052
25,251,213,0.07758509367704391
26,250,216,-0.09537952393293381
27,240,239,0.12679852545261383
28,224,231,-0.04646849259734154
29,237,245,0.1292809695005417
30,216,232,-0.04275163635611534
31,251,247,0.10833454877138138
32,224,245,-0.07679560035467148
0,270,141,-0.05207494646310806
1,269,139,-0.044496577233076096
2,269,139,-0.04452253505587578
3,269,139,-0.04453633353114128
4,268,139,-0.06510192900896072
5,268,139,-0.0651114210486412
6,267,139,-0.06514948606491089
7,265,140,-0.004270311910659075
8,263,141,-0.09641093760728836
9,270,144,-0.034734588116407394
10,269,144,-0.06151537969708443
11,257,154,0.0664861723780632
12,257,155,-0.13979914784431458
13,250,172,0.11282975971698761
14,251,171,-0.15144073963165283
15,253,186,0.09980225563049316
16,261,184,-0.13127294182777405
17,254,190,0.1024102196097374
18,263,189,-0.14844870567321777
19,255,190,0.08601357787847519
20,266,187,-0.13398702442646027
21,255,188,0.0915660634636879
22,265,186,-0.12697233259677887
23,241,188,0.06466586142778397
24,239,189,-0.0646316260099411
25,252,213,0.07816661149263382
26,248,216,-0.06413816660642624
27,236,235,0.13622424006462097
28,225,234,-0.004598306957632303
29,231,239,0.1400769054889679
30,218,232,-0.00014235648268368095
31,244,245,0.12251629680395126
32,232,245,-0.03108866699039936
0,268,142,-0.06497324258089066
1,266,140,-0.05627145618200302
2,266,140,-0.056307144463062286
3,266,140,-0.05634653568267822
4,265,140,-0.07607757300138474
5,265,140,-0.07609305530786514
6,264,140,-0.07612507045269012
7,262,141,-0.014447598718106747
8,260,142,-0.10297239571809769
9,267,145,-0.04778943210840225
10,266,145,-0.07340572029352188
11,258,155,0.0472659170627594
12,252,158,-0.13645803928375244
13,254,173,0.09342096745967865
14,246,174,-0.15048380196094513
15,259,186,0.06802954524755478
16,260,186,-0.13554872572422028
17,261,190,0.06747691333293915
18,262,190,-0.1521541178226471
19,262,189,0.05191356688737869
20,264,188,-0.1394748091697693
21,261,188,0.05993088334798813
22,264,187,-0.13298580050468445
23,241,186,0.055628515779972076
24,236,186,-0.055509187281131744
25,252,207,-0.01604323275387287
26,248,200,-0.11393292248249054
27,234,233,0.016234980896115303
28,234,229,-0.06983311474323273
29,228,235,0.01738222874701023
30,226,232,-0.06659246981143951
31,240,244,-0.013501908630132675
32,241,239,-0.102067731320858
0,265,143,-0.07982141524553299
1,263,141,-0.07096545398235321
2,263,140,-0.07098701596260071
3,263,140,-0.07102282345294952
4,262,141,-0.09142675995826721
5,262,141,-0.09145054221153259
6,261,141,-0.09147767722606659
7,260,142,-0.02586272545158863
8,257,143,-0.1172216609120369
9,265,146,-0.06120528280735016
10,263,146,-0.08769098669290543
11,256,155,0.04578064754605293
12,251,158,-0.1530485302209854
13,250,173,0.09256283193826675
14,243,175,-0.16316163539886475
15,257,184,0.06655097007751465
16,259,187,-0.13807794451713562
17,260,188,0.06692895293235779
18,262,190,-0.15494376420974731
19,261,187,0.049274276942014694
20,264,188,-0.1435367465019226
21,260,186,0.057675644755363464
22,263,187,-0.13531310856342316
23,237,186,0.05802531540393829
24,233,187,-0.05789020657539368
25,258,199,0.042114198207855225
26,248,206,-0.08595703542232513
27,237,220,0.10050444304943085
28,233,234,-0.029147956520318985
29,230,221,0.10543256253004074
30,226,239,-0.023308826610445976
31,244,230,0.10022502392530441
32,240,244,-0.04240508750081062
0,262,144,-0.07169628888368607
1,260,141,-0.06382180750370026
2,260,141,-0.06384751200675964
3,260,141,-0.06389068812131882
4,259,141,-0.08471490442752838
5,259,142,-0.08472886681556702
6,258,142,-0.08475179225206375
7,257,142,-0.022734973579645157
8,255,143,-0.11641591787338257
9,262,146,-0.054149892181158066
10,260,146,-0.08129145205020905
11,252,156,0.04587452486157417
12,249,158,-0.15106002986431122
13,244,174,0.09408106654882431
14,242,175,-0.16358183324337006
15,255,184,0.07280860096216202
16,258,186,-0.14283375442028046
17,258,187,0.07402351498603821
18,262,189,-0.16071362793445587
19,260,186,0.0567651093006134
20,264,186,-0.15470941364765167
21,259,186,0.06408354640007019
22,263,185,-0.1407608687877655
23,233,186,0.05977163463830948
24,231,187,-0.05967935174703598
25,245,208,0.05906492844223976
26,244,208,-0.0438261441886425
27,233,234,0.1230793297290802
28,231,239,0.01663772575557232
29,227,231,0.1279212236404419
30,226,241,0.021292345598340034
31,239,242,0.11027884483337402
32,239,247,-0.006863908376544714
0,258,144,-0.03804367408156395
1,256,141,-0.029869524762034416
2,256,141,-0.02991444803774357
3,256,141,-0.02996765822172165
4,256,141,-0.05202079564332962
5,255,142,-0.05203676596283913
6,255,142,-0.05206270143389702
7,253,142,0.00921967625617981
8,251,143,-0.09087326377630234
9,258,146,-0.02168484963476658
10,257,146,-0.05049777776002884
11,248,157,0.07537868618965149
12,246,158,-0.13159051537513733
13,242,175,0.12130579352378845
14,241,177,-0.13873939216136932
15,256,182,0.09735852479934692
16,259,183,-0.11015788465738297
17,259,184,0.09878113865852356
18,262,185,-0.12713797390460968
19,262,181,0.08170488476753235
20,264,181,-0.12133931368589401
21,260,180,0.08863562345504761
22,263,181,-0.10733555257320404
23,229,186,0.06133086234331131
24,226,187,-0.06119419261813164
25,241,212,0.04888322576880455
26,242,198,-0.059822626411914825
27,229,238,0.0759282112121582
28,228,223,0.0005112179205752909
29,223,242,0.07718058675527573
30,225,226,0.005674887448549271
31,237,247,0.05234731361269951
32,236,231,-0.015060048550367355
0,256,143,-0.01807832531630993
1,254,141,-0.009906143881380558
2,254,141,-0.009945245459675789
3,254,141,-0.01000073179602623
4,253,141,-0.03037048876285553
5,253,141,-0.030385198071599007
6,252,141,-0.030414527282118797
7,251,142,0.0274614617228508
8,249,143,-0.06437553465366364
9,256,146,-0.002602920401841402
10,255,146,-0.0292595773935318
11,247,156,0.09045714139938354
12,245,157,-0.1066821813583374
13,241,175,0.14045517146587372
14,241,177,-0.10819607228040695
15,257,179,0.1361357867717743
16,259,180,-0.0696866512298584
17,261,180,0.14103971421718597
18,262,181,-0.08117514103651047
19,263,177,0.12723642587661743
20,264,178,-0.07699664682149887
21,260,176,0.12937958538532257
22,263,177,-0.0669463500380516
23,231,186,0.060434624552726746
24,228,187,-0.06030048802495003
25,242,214,0.006669721566140652
26,242,197,-0.08194038271903992
27,227,239,0.004481565672904253
28,225,220,-0.05820787325501442
29,222,244,0.0026511764153838158
30,221,223,-0.05584748461842537
31,236,249,-0.02823041006922722
32,231,229,-0.08009188622236252
0,250,143,0.0038593988865613937
1,249,140,0.013140380382537842
2,249,140,0.013111758045852184
3,248,140,0.013075322844088078
4,248,140,-0.006195383612066507
5,248,140,-0.006207249592989683
6,247,140,-0.006225026212632656
7,245,141,0.05530130863189697
8,244,142,-0.030520178377628326
9,250,145,0.02072630263864994
10,250,145,-0.004296574275940657
11,244,156,0.114991694688797
12,240,157,-0.07488527148962021
13,246,175,0.1299930065870285
14,243,177,-0.09152057021856308
15,260,168,0.07825632393360138
16,260,168,-0.04981562867760658
17,265,166,0.07776705175638199
18,263,166,-0.057899683713912964
19,264,164,0.07890848070383072
20,264,163,-0.05403316020965576
21,261,164,0.07612840831279755
22,262,164,-0.046649154275655746
23,228,187,0.06037168204784393
24,225,187,-0.06027061492204666
25,241,214,0.002672583097591996
26,235,201,-0.1359502375125885
27,225,239,0.004486705642193556
28,223,236,-0.1375965029001236
29,220,243,0.00324627454392612
30,214,232,-0.13763192296028137
31,233,249,-0.022037111222743988
32,230,244,-0.16778318583965302
0,247,141,0.040498778223991394
1,245,139,0.05038699507713318
2,245,139,0.05035858973860741
3,245,139,0.050335176289081573
4,245,139,0.03010026551783085
5,244,139,0.030086934566497803
6,244,139,0.03006378933787346
7,241,140,0.09174669533967972
8,240,140,0.001969012664631009
9,247,144,0.05710359662771225
10,247,144,0.030881332233548164
11,240,155,0.14430022239685059
12,239,155,-0.04433426633477211
13,246,171,0.13123610615730286
14,245,173,-0.04291475936770439
15,259,159,0.06918313354253769
16,259,157,0.039259135723114014
17,263,154,0.06400995701551437
18,262,153,0.038317278027534485
19,263,152,0.06882417947053909
20,259,151,0.03677118942141533
21,259,154,0.06796302646398544
22,258,153,0.04190799221396446
23,226,187,0.05676748603582382
24,224,186,-0.05669286102056503
25,238,215,-0.0071556707844138145
26,237,189,-0.17765957117080688
27,223,242,-0.045948270708322525
28,220,211,-0.21723152697086334
29,217,246,-0.052132245153188705
30,214,213,-0.22141985595226288
31,232,250,-0.08188516646623611
32,225,219,-0.2487136274576187
0,246,141,0.0035057393833994865
1,244,138,0.01596732996404171
2,244,138,0.015892472118139267
3,244,138,0.015827437862753868
4,244,138,-0.003265881910920143
5,244,138,-0.003305596299469471
6,243,138,-0.003344823606312275
7,241,139,0.07409640401601791
8,240,139,-0.029320690780878067
9,246,143,0.022549329325556755
10,245,143,-0.0029667727649211884
11,238,154,0.12181630730628967
12,238,154,-0.0787384882569313
13,246,166,0.14298856258392334
14,249,169,-0.08840401470661163
15,259,152,0.15935614705085754
16,258,151,-0.017241518944501877
17,262,147,0.16706843674182892
18,261,147,-0.022639969363808632
19,258,146,0.1660478413105011
20,258,145,-0.023174280300736427
21,257,148,0.15831775963306427
22,256,147,-0.015411274507641792
23,225,188,0.059916578233242035
24,225,190,-0.05982993170619011
25,239,213,0.05819741636514664
26,235,212,-0.08563118427991867
27,223,234,0.08572949469089508
28,220,241,-0.08749828487634659
29,218,236,0.08799271285533905
30,214,246,-0.08912190794944763
31,231,246,0.07671894878149033
32,227,250,-0.11379238963127136
0,244,138,-0.0016939732013270259
1,242,135,0.006336971186101437
2,242,135,0.006304787937551737
3,242,135,0.006275205872952938
4,242,135,-0.014211328700184822
5,242,135,-0.01420713122934103
6,242,135,-0.014233313500881195
7,238,136,0.04721437767148018
8,238,136,-0.047501061111688614
9,243,140,0.014185633510351181
10,243,141,-0.012632547877728939
11,236,149,0.10615139454603195
12,237,150,-0.09145492315292358
13,246,157,0.1691080778837204
14,251,162,-0.09455466270446777
15,252,142,0.20830297470092773
16,253,143,-0.023450568318367004
17,253,137,0.21803316473960876
18,254,138,-0.02876383066177368
19,250,137,0.21817584335803986
20,251,137,-0.032265204936265945
21,249,138,0.20807801187038422
22,250,139,-0.022895004600286484
23,226,187,0.061522386968135834
24,227,188,-0.06143300607800484
25,240,210,0.051382459700107574
26,234,213,-0.09382127225399017
27,224,235,0.07455379515886307
28,219,244,-0.10203145444393158
29,219,237,0.07570379972457886
30,214,248,-0.1037931963801384
31,231,243,0.06016388162970543
32,228,253,-0.13514821231365204
0,247,137,0.005039888899773359
1,247,134,0.01067588571459055
2,247,134,0.010642844252288342
3,247,134,0.010616114363074303
4,247,134,-0.00932993646711111
5,247,134,-0.009299738332629204
6,247,133,-0.009303203783929348
7,244,132,0.04164833948016167
8,243,132,-0.049262311309576035
9,246,138,0.01807687245309353
10,245,138,-0.008112789131700993
11,237,140,0.09060212224721909
12,235,143,-0.08759574592113495
13,248,143,0.16313692927360535
14,251,153,-0.09872329980134964
15,248,132,0.20652800798416138
16,249,134,-0.03712545335292816
17,248,129,0.21336926519870758
18,249,129,-0.04229779541492462
19,246,129,0.21399807929992676
20,246,129,-0.046759121119976044
21,245,129,0.20638523995876312
22,245,131,-0.037077710032463074
23,227,181,0.058100566267967224
24,227,182,-0.05802341178059578
25,238,207,0.03164102882146835
26,234,212,-0.07532572746276855
27,226,234,0.045985832810401917
28,219,244,-0.07286376506090164
29,221,237,0.04551265016198158
30,214,248,-0.07387667149305344
31,233,244,0.02141573466360569
32,227,253,-0.1109025776386261
0,246,129,-0.019111797213554382
1,247,126,-0.012619361281394958
2,247,126,-0.01265236921608448
3,247,126,-0.01268052589148283
4,247,126,-0.03312039002776146
5,247,126,-0.03307300806045532
6,246,126,-0.033081408590078354
7,244,126,0.02333112247288227
8,243,125,-0.06896161288022995
9,244,131,-0.003443349152803421
10,244,131,-0.030406150966882706
11,235,135,0.07952691614627838
12,235,138,-0.10602235049009323
13,245,137,0.16628651320934296
14,252,144,-0.13977451622486115
15,246,125,0.2223714143037796
16,249,126,-0.10539707541465759
17,245,121,0.2350626140832901
18,248,121,-0.11593884974718094
19,244,121,0.23398977518081665
20,246,121,-0.11859612166881561
21,243,122,0.22198499739170074
22,245,123,-0.1054706946015358
23,228,178,0.05769488960504532
24,228,179,-0.05764578655362129
25,235,203,0.05485472455620766
26,231,207,-0.07045536488294601
27,225,228,0.08785188943147659
28,219,241,-0.05743655562400818
29,220,231,0.08874993026256561
30,214,246,-0.05786658450961113
31,231,237,0.06250184029340744
32,227,247,-0.09927542507648468
0,242,127,-0.0035570634063333273
1,241,125,0.0024790335446596146
2,241,125,0.002456580987200141
3,241,124,0.0024586417712271214
4,241,125,-0.018289005383849144
5,241,125,-0.01827351190149784
6,240,125,-0.018299464136362076
7,237,126,0.035613905638456345
8,236,126,-0.057963281869888306
9,241,129,0.011153580620884895
10,241,130,-0.01611379161477089
11,234,138,0.07983821630477905
12,235,137,-0.09842919558286667
13,247,136,0.15193016827106476
14,253,135,-0.1241285651922226
15,248,120,0.15967929363250732
16,249,119,-0.05238925665616989
17,247,116,0.15640190243721008
18,248,114,-0.05969533696770668
19,245,116,0.16353748738765717
20,246,114,-0.06565339863300323
21,245,117,0.1591130942106247
22,246,116,-0.0529630184173584
23,229,179,0.0558653324842453
24,229,179,-0.055829811841249466
25,234,205,0.037450287491083145
26,231,207,-0.06480103731155396
27,225,236,0.051537707448005676
28,221,241,-0.0519561693072319
29,220,241,0.05084184557199478
30,216,244,-0.052289631217718124
31,228,243,0.017094409093260765
32,227,246,-0.09115147590637207
0,241,128,-0.00610585929825902
1,239,126,0.0006228178390301764
2,239,126,0.0005977542023174465
3,239,125,0.0005798722850158811
4,239,126,-0.020038245245814323
5,239,126,-0.020030410960316658
6,238,126,-0.020055754110217094
7,235,127,0.03522581607103348
8,234,127,-0.05889330804347992
9,240,130,0.009089707396924496
10,240,130,-0.017868343740701675
11,231,138,0.08108417689800262
12,235,137,-0.10236966609954834
13,245,130,0.12862706184387207
14,253,129,-0.13675105571746826
15,249,113,0.10064119845628738
16,251,111,-0.09553612023591995
17,248,107,0.09576316922903061
18,251,105,-0.1092781350016594
19,247,108,0.09194377809762955
20,249,105,-0.111286461353302
21,247,111,0.09563363343477249
22,249,108,-0.09532701224088669
23,229,179,0.05680044740438461
24,230,179,-0.05675254389643669
25,233,206,0.04616357013583183
26,229,207,-0.06175561249256134
27,225,239,0.06536117941141129
28,223,240,-0.04289776459336281
29,220,243,0.06479055434465408
30,218,244,-0.04304605349898338
31,230,248,0.024350780993700027
32,227,247,-0.08289226144552231
0,240,127,-0.022617368027567863
1,238,125,-0.014101928099989891
2,238,125,-0.014121593907475471
3,238,125,-0.014113512821495533
4,238,125,-0.03665649890899658
5,237,125,-0.03662794455885887
6,237,125,-0.036657195538282394
7,235,126,0.027375686913728714
8,234,127,-0.0744183212518692
9,240,129,-0.0049025388434529305
10,239,129,-0.03459005430340767
11,233,138,0.07760225236415863
12,236,137,-0.12454524636268616
13,247,125,0.11325237154960632
14,252,124,-0.18494461476802826
15,254,106,0.05946599319577217
16,253,104,-0.1838298887014389
17,254,101,0.05052010342478752
18,253,100,-0.20786358416080475
19,253,101,0.04048420116305351
20,251,99,-0.20318803191184998
21,253,102,0.05109709873795509
22,251,100,-0.18215720355510712
23,229,180,0.060025349259376526
24,230,180,-0.060025908052921295
25,232,210,0.0636734589934349
26,229,211,-0.05939473211765289
27,226,243,0.10443222522735596
28,224,243,-0.02861449494957924
29,221,246,0.10591364651918411
30,219,248,-0.028396345674991608
31,231,253,0.06621841341257095
32,229,254,-0.08272803574800491
0,238,128,-0.021281231194734573
1,237,126,-0.013429269194602966
2,236,126,-0.013445870950818062
3,236,126,-0.01344723254442215
4,236,126,-0.03577972203493118
5,236,127,-0.035749949514865875
6,236,127,-0.03578033298254013
7,233,128,0.026683753356337547
8,233,128,-0.07505735009908676
9,238,131,-0.003912691026926041
10,238,131,-0.03337068483233452
11,230,140,0.07886376231908798
12,236,138,-0.12282317876815796
13,243,126,0.12296880781650543
14,251,124,-0.1825234740972519
15,254,108,0.08644697815179825
16,255,106,-0.18446093797683716
17,256,105,0.08192669600248337
18,259,103,-0.2085304856300354
19,257,103,0.06748106330633163
20,259,101,-0.20119306445121765
21,256,105,0.07724571228027344
22,257,103,-0.1817631721496582
23,228,181,0.060041263699531555
24,231,181,-0.06006491184234619
25,232,209,0.07206922769546509
26,229,213,-0.0498080775141716
27,226,246,0.12221217155456543
28,226,246,-0.007986431010067463
29,221,249,0.12468644976615906
30,221,250,-0.006530663464218378
31,231,254,0.08842039853334427
32,230,257,-0.05812940001487732
0,238,130,-0.021145546808838844
1,236,128,-0.013970050029456615
2,236,128,-0.013985578902065754
3,235,128,-0.013996935449540615
4,236,128,-0.03579523414373398
5,235,128,-0.035772670060396194
6,235,128,-0.03578920662403107
7,232,128,0.024757973849773407
8,233,129,-0.0757766142487526
9,238,132,-0.004301556386053562
10,238,132,-0.03345071151852608
11,229,141,0.08070313930511475
12,236,140,-0.1239745244383812
13,242,130,0.1258191019296646
14,250,129,-0.17769573628902435
15,254,113,0.07059873640537262
16,255,111,-0.1709458827972412
17,256,109,0.06610458344221115
18,259,109,-0.19114620983600616
19,256,109,0.04832899570465088
20,258,108,-0.18525704741477966
21,255,110,0.05972044914960861
22,257,109,-0.16782954335212708
