0,265,78
1,263,74
2,263,74
3,262,74
4,263,74
5,262,74
6,262,74
7,257,76
8,257,77
9,264,82
10,263,82
11,241,97
12,251,98
13,237,127
14,246,132
15,255,132
16,271,133
17,259,133
18,277,133
19,263,130
20,276,129
21,259,129
22,274,129
23,228,156
24,235,158
25,233,200
26,243,202
27,221,240
28,245,249
29,215,246
30,240,258
31,231,248
32,254,258
0,265,79
1,263,75
2,263,75
3,262,74
4,263,75
5,262,75
6,261,75
7,257,76
8,256,77
9,263,82
10,263,82
11,241,98
12,251,99
13,235,128
14,246,133
15,244,144
16,271,133
17,246,148
18,277,133
19,248,146
20,276,129
21,248,144
22,274,129
23,228,156
24,235,157
25,233,200
26,242,202
27,221,240
28,245,249
29,215,247
30,240,259
31,234,248
32,253,257
0,265,79
1,263,75
2,262,75
3,262,75
4,263,75
5,262,75
6,261,75
7,257,76
8,256,77
9,263,83
10,263,83
11,241,98
12,251,99
13,235,129
14,246,133
15,246,143
16,271,133
17,248,147
18,277,133
19,251,145
20,277,129
21,250,143
22,275,129
23,227,156
24,235,157
25,231,200
26,241,202
27,219,239
28,245,249
29,214,245
30,241,259
31,230,247
32,253,256
0,265,79
1,263,75
2,262,75
3,262,75
4,262,75
5,262,75
6,261,75
7,256,76
8,256,77
9,263,83
10,262,83
11,241,99
12,250,99
13,236,130
14,246,133
15,249,141
16,271,131
17,253,144
18,277,131
19,255,142
20,277,127
21,255,140
22,275,127
23,227,156
24,235,157
25,231,200
26,240,201
27,218,239
28,245,250
29,211,244
30,241,260
31,228,247
32,256,253
0,265,79
1,263,75
2,262,75
3,262,75
4,262,75
5,262,75
6,261,75
7,256,76
8,256,77
9,263,83
10,262,83
11,241,99
12,250,99
13,237,131
14,247,133
15,251,140
16,272,130
17,255,143
18,278,130
19,258,140
20,278,126
21,258,139
22,275,127
23,227,156
24,235,157
25,230,199
26,239,201
27,217,238
28,245,249
29,211,244
30,242,260
31,227,247
32,257,252
0,264,80
1,262,75
2,261,75
3,261,75
4,261,75
5,261,75
6,260,75
7,255,76
8,254,77
9,262,83
10,261,83
11,241,100
12,250,100
13,237,132
14,250,134
15,250,143
16,272,127
17,254,146
18,279,124
19,256,144
20,278,121
21,256,142
22,276,122
23,227,157
24,236,157
25,229,200
26,238,202
27,216,238
28,245,250
29,209,244
30,242,260
31,226,247
32,256,253
0,263,80
1,261,76
2,260,76
3,260,75
4,260,76
5,260,76
6,259,75
7,254,77
8,254,77
9,261,84
10,260,84
11,240,100
12,250,101
13,237,131
14,254,134
15,251,142
16,274,124
17,255,144
18,281,121
19,257,141
20,280,117
21,257,140
22,277,118
23,226,158
24,236,159
25,228,201
26,243,204
27,215,239
28,245,250
29,207,246
30,242,260
31,225,247
32,255,253
0,262,80
1,260,76
2,259,76
3,259,76
4,259,76
5,259,76
6,258,76
7,253,77
8,253,77
9,260,84
10,260,84
11,239,100
12,250,101
13,238,131
14,254,134
15,255,137
16,275,123
17,258,140
18,281,121
19,261,137
20,280,117
21,260,136
22,277,118
23,226,158
24,237,159
25,228,201
26,242,204
27,214,239
28,245,249
29,207,247
30,242,260
31,223,248
32,254,253
0,259,81
1,257,77
2,257,77
3,257,76
4,257,77
5,256,76
6,255,76
7,250,78
8,250,78
9,258,85
10,258,84
11,235,101
12,248,102
13,237,131
14,258,133
15,251,137
16,278,119
17,254,140
18,284,114
19,256,137
20,282,111
21,255,136
22,280,112
23,224,159
24,236,160
25,227,202
26,240,204
27,214,240
28,245,250
29,207,250
30,242,261
31,221,248
32,254,253
0,259,81
1,256,77
2,256,77
3,256,77
4,256,77
5,255,77
6,254,77
7,250,78
8,249,79
9,257,85
10,257,85
11,235,102
12,247,102
13,237,131
14,259,132
15,251,137
16,278,118
17,254,140
18,284,113
19,256,137
20,283,110
21,255,136
22,281,112
23,224,160
24,235,160
25,225,202
26,239,205
27,213,241
28,246,251
29,206,251
30,242,261
31,220,248
32,254,253
0,258,81
1,256,77
2,256,77
3,255,77
4,256,77
5,255,77
6,254,77
7,249,78
8,249,79
9,257,85
10,256,85
11,235,102
12,247,102
13,238,131
14,259,132
15,251,137
16,279,117
17,254,140
18,285,113
19,256,137
20,283,110
21,255,137
22,281,111
23,224,160
24,235,161
25,225,203
26,239,205
27,213,242
28,246,251
29,206,251
30,242,262
31,220,248
32,255,254
0,256,82
1,254,79
2,253,78
3,253,78
4,253,78
5,253,78
6,252,78
7,247,80
8,247,80
9,255,86
10,254,86
11,230,104
12,246,103
13,234,131
14,262,129
15,240,142
16,282,114
17,241,146
18,289,111
19,242,143
20,288,107
21,242,142
22,286,109
23,220,161
24,233,161
25,224,204
26,244,205
27,212,243
28,247,251
29,204,253
30,242,262
31,219,250
32,256,255
0,255,83
1,252,80
2,252,80
3,252,80
4,252,80
5,251,80
6,251,80
7,246,81
8,246,82
9,253,87
10,253,87
11,229,104
12,245,103
13,229,132
14,261,128
15,234,148
16,284,116
17,235,153
18,291,112
19,236,151
20,291,108
21,236,149
22,288,110
23,219,161
24,231,161
25,223,203
26,245,205
27,211,244
28,249,249
29,204,254
30,244,259
31,218,253
32,257,257
0,254,84
1,252,80
2,251,80
3,251,80
4,251,80
5,251,80
6,250,80
7,245,82
8,245,82
9,253,88
10,252,88
11,229,104
12,245,103
13,226,132
14,261,127
15,231,146
16,284,116
17,233,151
18,291,113
19,234,149
20,292,109
21,234,147
22,288,110
23,218,161
24,231,161
25,222,203
26,245,204
27,210,244
28,249,248
29,204,254
30,244,257
31,219,254
32,257,257
0,253,85
1,251,81
2,251,81
3,250,81
4,251,81
5,250,81
6,250,81
7,245,83
8,245,83
9,252,88
10,251,88
11,228,104
12,244,103
13,228,132
14,260,127
15,233,146
16,283,121
17,234,150
18,291,122
19,237,148
20,292,116
21,236,146
22,288,116
23,218,161
24,230,161
25,220,203
26,251,195
27,209,245
28,253,244
29,206,254
30,248,251
31,220,257
32,260,257
0,253,85
1,251,82
2,250,82
3,250,81
4,251,82
5,250,82
6,250,82
7,245,83
8,245,83
9,252,89
10,251,89
11,229,104
12,245,102
13,232,132
14,257,127
15,247,145
16,283,124
17,250,149
18,291,124
19,253,146
20,292,120
21,252,145
22,289,120
23,218,161
24,230,160
25,219,203
26,258,193
27,209,246
28,257,238
29,205,254
30,252,245
31,215,256
32,261,256
0,253,85
1,251,82
2,250,82
3,250,82
4,251,82
5,250,82
6,250,82
7,244,83
8,245,84
9,251,89
10,251,89
11,229,105
12,245,101
13,235,132
14,255,128
15,254,145
16,283,126
17,259,148
18,290,127
19,261,146
20,292,121
21,260,145
22,289,121
23,217,160
24,232,159
25,218,203
26,259,193
27,209,246
28,258,237
29,205,254
30,253,244
31,213,256
32,260,255
0,253,87
1,251,83
2,251,83
3,250,83
4,251,83
5,251,83
6,250,83
7,245,84
8,245,85
9,252,90
10,252,90
11,230,105
12,245,102
13,234,133
14,249,132
15,252,145
16,279,131
17,257,148
18,288,134
19,260,146
20,292,127
21,260,145
22,287,127
23,218,159
24,233,158
25,219,203
26,260,191
27,209,246
28,262,233
29,205,254
30,258,241
31,215,258
32,266,249
0,254,87
1,251,83
2,251,83
3,250,83
4,252,84
5,251,84
6,251,83
7,246,84
8,247,85
9,252,90
10,252,90
11,235,104
12,245,102
13,236,132
14,245,133
15,260,141
16,275,135
17,266,143
18,282,138
19,269,140
20,286,131
21,267,139
22,282,130
23,221,158
24,233,157
25,219,202
26,258,190
27,209,246
28,263,232
29,215,251
30,259,241
31,215,257
32,267,249
0,254,87
1,252,84
2,251,84
3,251,83
4,252,84
5,252,84
6,252,84
7,246,85
8,248,85
9,253,90
10,253,91
11,237,104
12,245,103
13,238,132
14,245,134
15,263,139
16,274,135
17,269,141
18,281,137
19,272,138
20,284,131
21,270,137
22,280,130
23,223,157
24,232,157
25,231,198
26,243,191
27,232,244
28,238,234
29,230,250
30,236,241
31,241,256
32,246,249
0,255,90
1,252,87
2,252,86
3,251,86
4,253,87
5,253,87
6,253,87
7,246,88
8,250,89
9,253,93
10,254,93
11,236,106
12,250,105
13,237,133
14,246,135
15,263,143
16,273,140
17,267,144
18,281,142
19,271,142
20,283,138
21,270,142
22,280,137
23,223,159
24,235,158
25,231,200
26,261,192
27,216,244
28,270,236
29,212,251
30,267,244
31,222,256
32,278,250
0,255,91
1,252,88
2,252,88
3,251,88
4,253,88
5,253,88
6,253,89
7,247,89
8,250,91
9,254,94
10,255,95
11,237,107
12,252,107
13,237,133
14,247,135
15,255,144
16,273,141
17,267,145
18,280,143
19,270,143
20,282,139
21,269,143
22,279,138
23,223,161
24,237,160
25,231,202
26,264,193
27,212,244
28,273,237
29,208,252
30,270,245
31,218,256
32,280,250
0,255,91
1,252,88
2,252,88
3,251,88
4,254,88
5,254,89
6,253,89
7,247,89
8,250,91
9,254,94
10,255,95
11,237,107
12,252,107
13,236,133
14,246,136
15,250,147
16,272,141
17,258,149
18,280,143
19,260,148
20,282,139
21,259,147
22,279,138
23,223,161
24,238,160
25,229,202
26,265,193
27,210,244
28,273,238
29,207,252
30,271,246
31,216,256
32,280,250
0,255,101
1,252,97
2,251,97
3,251,97
4,254,97
5,254,97
6,254,97
7,246,98
8,251,98
9,254,103
10,255,103
11,231,116
12,257,115
13,229,145
14,263,143
15,241,157
16,276,149
17,243,161
18,281,155
19,246,159
20,282,152
21,246,158
22,279,148
23,224,171
24,244,169
25,230,208
26,270,200
27,211,244
28,276,242
29,207,252
30,274,251
31,216,253
32,281,250
0,254,103
1,251,99
2,250,99
3,249,99
4,253,99
5,253,99
6,253,99
7,245,100
8,251,101
9,253,106
10,254,106
11,228,119
12,257,117
13,228,145
14,268,142
15,238,156
16,278,148
17,241,160
18,281,151
19,243,159
20,282,149
21,242,158
22,279,148
23,226,173
24,246,169
25,234,208
26,271,201
27,211,244
28,277,243
29,207,251
30,275,251
31,217,253
32,281,250
0,254,104
1,251,100
2,250,100
3,249,100
4,252,100
5,252,100
6,252,101
7,244,101
8,251,102
9,252,107
10,254,107
11,227,120
12,257,118
13,227,145
14,268,143
15,236,157
16,279,149
17,238,161
18,282,151
19,240,160
20,283,148
21,239,158
22,280,148
23,227,172
24,247,169
25,234,208
26,270,201
27,212,244
28,277,243
29,207,251
30,274,251
31,217,252
32,282,251
0,252,105
1,249,101
2,248,101
3,247,101
4,251,102
5,251,102
6,251,102
7,243,102
8,249,103
9,251,108
10,252,108
11,227,121
12,256,120
13,228,147
14,273,144
15,238,156
16,284,147
17,241,159
18,289,149
19,244,157
20,288,146
21,243,156
22,285,146
23,228,174
24,247,171
25,236,207
26,272,201
27,213,242
28,276,243
29,208,249
30,273,251
31,219,252
32,281,252
0,248,103
1,245,100
2,244,100
3,243,100
4,246,100
5,247,100
6,247,100
7,239,102
8,247,102
9,247,106
10,249,106
11,227,123
12,256,120
13,235,150
14,284,135
15,243,154
16,279,115
17,244,153
18,276,108
19,245,151
20,272,108
21,243,151
22,272,111
23,229,175
24,248,172
25,237,209
26,270,202
27,215,242
28,276,243
29,208,249
30,273,251
31,219,252
32,282,252
0,247,102
1,244,99
2,243,99
3,242,99
4,246,99
5,246,99
6,247,99
7,239,102
8,246,101
9,246,105
10,248,105
11,227,123
12,256,120
13,235,149
14,284,133
15,243,151
16,277,113
17,244,149
18,274,106
19,245,147
20,270,106
21,245,147
22,270,109
23,230,175
24,248,172
25,238,209
26,270,203
27,215,242
28,276,243
29,208,249
30,273,251
31,219,253
32,282,252
0,249,88
1,246,85
2,245,85
3,244,85
4,248,84
5,249,84
6,251,84
7,240,88
8,246,87
9,247,93
10,249,92
11,226,112
12,256,108
13,241,121
14,281,107
15,249,108
16,271,89
17,249,105
18,268,81
19,248,104
20,264,84
21,249,105
22,266,86
23,232,168
24,251,167
25,236,208
26,269,202
27,214,244
28,275,243
29,208,250
30,273,251
31,218,255
32,281,252
0,244,83
1,241,80
2,240,80
3,239,81
4,243,80
5,243,80
6,244,80
7,235,84
8,241,83
9,243,87
10,245,87
11,224,106
12,255,102
13,233,108
14,280,98
15,241,90
16,266,77
17,241,85
18,263,69
19,241,85
20,260,70
21,241,87
22,261,73
23,232,161
24,252,160
25,234,204
26,268,198
27,215,243
28,275,241
29,212,246
30,273,250
31,218,255
32,281,252
0,244,81
1,241,79
2,240,79
3,239,79
4,243,78
5,243,79
6,244,79
7,235,82
8,242,81
9,243,85
10,245,85
11,223,104
12,255,99
13,239,117
14,280,97
15,248,103
16,265,77
17,249,99
18,263,70
19,248,98
20,260,72
21,248,100
22,259,75
23,233,159
24,252,158
25,234,202
26,266,197
27,216,243
28,274,241
29,213,246
30,272,249
31,218,255
32,280,252
0,246,74
1,243,70
2,242,70
3,241,71
4,244,70
5,244,69
6,244,69
7,237,73
8,243,71
9,245,78
10,246,78
11,223,95
12,255,93
13,227,91
14,280,89
15,236,74
16,265,66
17,236,69
18,263,60
19,237,69
20,259,60
21,237,71
22,259,62
23,234,155
24,251,154
25,232,197
26,265,193
27,216,241
28,274,237
29,215,246
30,272,246
31,220,255
32,280,252
0,246,66
1,246,61
2,245,61
3,243,62
4,249,60
5,250,60
6,251,60
7,237,64
8,247,65
9,245,69
10,247,69
11,222,87
12,255,86
13,229,82
14,280,81
15,238,63
16,266,57
17,239,58
18,264,50
19,240,58
20,260,50
21,240,60
22,261,53
23,233,148
24,252,147
25,231,192
26,265,189
27,217,235
28,273,233
29,214,241
30,269,240
31,220,255
32,280,251
0,247,64
1,246,61
2,245,61
3,243,61
4,249,61
5,250,61
6,251,61
7,238,64
8,248,64
9,246,68
10,247,68
11,223,86
12,255,85
13,229,74
14,280,80
15,238,57
16,265,56
17,238,52
18,264,50
19,239,52
20,260,47
21,240,54
22,262,50
23,233,146
24,252,146
25,231,191
26,265,187
27,218,234
28,273,232
29,214,241
30,269,240
31,220,255
32,280,251
0,245,57
1,243,55
2,242,55
3,240,55
4,245,55
5,246,56
6,246,56
7,237,59
8,245,59
9,243,60
10,245,61
11,222,76
12,255,74
13,237,53
14,279,57
15,246,31
16,280,31
17,245,26
18,282,27
19,248,26
20,277,26
21,249,27
22,275,28
23,232,136
24,252,135
25,232,182
26,265,175
27,223,226
28,272,221
29,220,232
30,269,227
31,228,246
32,277,238
0,244,56
1,242,54
2,241,54
3,240,54
4,244,54
5,245,54
6,245,55
7,236,57
8,245,58
9,243,59
10,245,60
11,222,74
12,255,74
13,238,51
14,278,58
15,246,29
16,281,30
17,245,24
18,284,25
19,248,25
20,278,25
21,250,26
22,276,27
23,233,136
24,252,135
25,232,179
26,264,174
27,226,224
28,272,218
29,223,230
30,269,223
31,230,242
32,274,234
0,244,56
1,242,54
2,241,55
3,240,55
4,244,55
5,245,55
6,245,56
7,237,58
8,244,58
9,243,60
10,245,60
11,222,75
12,255,73
13,238,54
14,278,57
15,247,30
16,282,28
17,246,24
18,284,22
19,249,24
20,277,20
21,250,26
22,275,23
23,232,136
24,251,135
25,232,179
26,264,174
27,225,224
28,272,218
29,222,230
30,268,224
31,229,242
32,275,235
0,245,54
1,243,51
2,242,51
3,240,51
4,245,52
5,245,52
6,246,53
7,237,55
8,245,56
9,243,57
10,246,57
11,222,73
12,255,70
13,239,48
14,272,53
15,247,26
16,280,29
17,246,22
18,284,27
19,249,23
20,280,27
21,250,24
22,277,27
23,233,134
24,251,132
25,234,176
26,263,172
27,229,223
28,270,216
29,228,229
30,267,222
31,236,240
32,274,233
0,245,53
1,243,51
2,242,51
3,241,51
4,245,51
5,245,51
6,246,52
7,237,54
8,245,55
9,244,56
10,246,57
11,222,73
12,255,71
13,238,50
14,271,54
15,246,28
16,279,29
17,244,22
18,283,26
19,249,23
20,279,26
21,250,25
22,276,26
23,233,134
24,251,132
25,235,176
26,262,172
27,233,223
28,270,217
29,232,230
30,267,223
31,241,237
32,274,232
0,246,53
1,243,51
2,242,51
3,241,51
4,245,51
5,246,52
6,246,52
7,237,54
8,245,55
9,244,56
10,246,57
11,222,72
12,254,71
13,238,49
14,270,54
15,246,26
16,279,29
17,244,22
18,283,27
19,249,23
20,279,26
21,250,24
22,276,27
23,233,134
24,251,132
25,236,176
26,262,172
27,234,222
28,269,217
29,234,229
30,266,223
31,241,237
32,274,232
0,246,54
1,243,52
2,242,53
3,241,53
4,245,53
5,246,53
6,247,54
7,237,56
8,245,58
9,244,58
10,246,58
11,223,73
12,255,73
13,238,49
14,270,56
15,246,27
16,278,33
17,243,22
18,283,30
19,249,23
20,279,30
21,249,25
22,276,30
23,234,136
24,252,134
25,236,178
26,262,175
27,236,224
28,269,219
29,238,231
30,267,225
31,242,237
32,273,233
0,246,57
1,243,55
2,242,55
3,241,55
4,245,55
5,246,55
6,247,56
7,238,58
8,245,59
9,244,60
10,246,61
11,223,76
12,255,75
13,239,52
14,270,58
15,247,30
16,279,35
17,245,25
18,284,33
19,249,25
20,280,32
21,250,27
22,278,33
23,234,138
24,253,136
25,238,180
26,263,175
27,237,224
28,269,220
29,237,231
30,267,226
31,243,238
32,273,235
0,246,58
1,243,56
2,242,56
3,241,56
4,245,56
5,246,56
6,247,57
7,238,59
8,245,60
9,244,61
10,246,62
11,223,77
12,255,76
13,239,53
14,270,58
15,247,31
16,279,36
17,245,26
18,284,33
19,249,26
20,281,33
21,250,28
22,278,33
23,235,138
24,254,137
25,238,180
26,263,176
27,237,225
28,269,220
29,236,231
30,267,226
31,244,239
32,273,235
0,247,68
1,244,66
2,243,66
3,242,66
4,246,66
5,247,66
6,247,66
7,239,68
8,246,69
9,245,71
10,247,71
11,223,85
12,256,85
13,240,58
14,270,70
15,250,37
16,279,45
17,250,29
18,284,38
19,253,29
20,280,37
21,254,29
22,277,39
23,235,150
24,255,147
25,240,188
26,263,186
27,237,232
28,270,229
29,236,237
30,269,236
31,239,241
32,273,240
0,247,74
1,244,71
2,243,71
3,242,72
4,246,72
5,247,72
6,248,72
7,239,74
8,247,74
9,245,77
10,247,77
11,225,92
12,257,92
13,243,69
14,270,77
15,252,50
16,279,52
17,252,42
18,283,46
19,254,43
20,280,45
21,255,45
22,277,48
23,236,156
24,255,154
25,242,194
26,263,192
27,237,235
28,271,235
29,236,242
30,270,243
31,236,243
32,272,243
0,247,76
1,244,74
2,243,74
3,242,74
4,246,74
5,247,74
6,248,74
7,239,76
8,247,77
9,245,79
10,247,79
11,226,94
12,257,95
13,242,71
14,270,79
15,251,50
16,278,53
17,251,43
18,281,47
19,253,43
20,276,47
21,254,46
22,274,49
23,237,157
24,255,156
25,242,196
26,263,193
27,237,236
28,271,236
29,236,243
30,270,244
31,235,244
32,272,244
0,247,84
1,244,82
2,243,82
3,243,82
4,246,82
5,247,82
6,248,82
7,239,85
8,247,84
9,245,87
10,248,88
11,226,105
12,257,103
13,243,83
14,271,93
15,252,63
16,278,71
17,250,55
18,281,63
19,253,56
20,276,64
21,254,59
22,274,65
23,237,165
24,256,162
25,245,201
26,266,198
27,237,237
28,272,237
29,236,244
30,272,245
31,237,247
32,272,245
0,247,87
1,244,85
2,243,85
3,243,85
4,246,85
5,247,85
6,247,85
7,239,87
8,246,87
9,246,90
10,248,90
11,225,109
12,256,106
13,243,100
14,277,101
15,252,78
16,278,79
17,251,72
18,278,73
19,254,70
20,275,72
21,255,72
22,273,74
23,239,167
24,257,164
25,247,201
26,266,199
27,238,237
28,273,238
29,236,244
30,272,246
31,238,246
32,272,245
0,247,88
1,244,86
2,243,86
3,243,86
4,246,86
5,246,86
6,247,86
7,238,89
8,245,89
9,246,92
10,248,92
11,225,109
12,255,107
13,243,93
14,278,101
15,254,70
16,277,79
17,255,65
18,277,72
19,256,65
20,274,71
21,257,67
22,272,74
23,239,166
24,257,163
25,247,202
26,267,198
27,238,237
28,273,239
29,237,244
30,272,246
31,238,248
32,273,247
0,247,89
1,244,86
2,244,86
3,243,86
4,246,86
5,246,86
6,247,86
7,238,89
8,244,88
9,246,93
10,247,93
11,224,111
12,255,108
13,237,123
14,279,120
15,251,115
16,277,102
17,254,113
18,278,97
19,255,111
20,274,96
21,255,112
22,273,98
23,239,166
24,257,162
25,247,202
26,267,198
27,238,238
28,273,238
29,237,244
30,272,245
31,238,248
32,274,247
0,246,89
1,244,86
2,243,86
3,242,86
4,245,86
5,246,86
6,246,86
7,237,88
8,243,88
9,245,93
10,246,93
11,222,110
12,255,107
13,236,120
14,279,121
15,250,103
16,277,102
17,253,99
18,278,97
19,254,98
20,274,97
21,253,99
22,273,98
23,238,166
24,257,162
25,247,202
26,267,199
27,238,237
28,273,238
29,236,244
30,271,245
31,239,247
32,276,247
0,246,89
1,244,86
2,243,86
3,242,86
4,245,86
5,245,86
6,246,86
7,237,88
8,243,88
9,244,93
10,246,93
11,222,111
12,254,107
13,235,124
14,278,121
15,249,116
16,278,105
17,253,113
18,279,100
19,253,112
20,275,98
21,252,113
22,274,101
23,238,166
24,257,162
25,247,202
26,267,199
27,238,237
28,273,237
29,235,244
30,271,245
31,239,246
32,276,247
0,245,87
1,243,84
2,242,84
3,241,84
4,244,84
5,244,84
6,244,84
7,236,86
8,241,87
9,244,91
10,245,91
11,221,108
12,252,105
13,229,131
14,262,129
15,239,146
16,279,144
17,242,149
18,284,148
19,244,148
20,284,146
21,244,147
22,282,145
23,238,164
24,256,161
25,247,200
26,267,198
27,238,237
28,272,238
29,236,244
30,271,245
31,240,244
32,276,247
0,245,86
1,242,83
2,241,83
3,241,83
4,244,84
5,244,84
6,244,84
7,236,86
8,241,86
9,243,90
10,245,90
11,221,108
12,251,104
13,224,133
14,260,134
15,237,146
16,276,154
17,240,149
18,280,161
19,242,148
20,282,160
21,242,147
22,279,159
23,237,164
24,256,160
25,247,200
26,266,198
27,238,237
28,272,237
29,236,245
30,270,245
31,240,244
32,276,247
0,245,85
1,242,83
2,242,83
3,241,83
4,244,84
5,244,84
6,244,84
7,236,86
8,241,85
9,243,89
10,245,89
11,220,107
12,251,104
13,223,133
14,260,134
15,237,146
16,275,155
17,239,150
18,278,162
19,242,149
20,280,161
21,241,148
22,278,159
23,237,163
24,256,160
25,247,199
26,266,198
27,238,237
28,271,237
29,236,245
30,270,245
31,241,244
32,275,247
0,245,85
1,243,83
2,242,83
3,241,83
4,244,83
5,244,84
6,244,83
7,236,85
8,241,84
9,243,89
10,245,89
11,220,107
12,251,104
13,219,136
14,254,135
15,231,158
16,260,161
17,234,163
18,260,167
19,236,164
20,260,166
21,236,163
22,260,164
23,236,164
24,255,160
25,245,199
26,266,197
27,237,238
28,271,237
29,236,246
30,270,245
31,239,244
32,274,246
