0,259,89,0.024205300956964493
1,257,86,0.024852808564901352
2,256,85,0.024836624041199684
3,256,85,0.02479884773492813
4,257,86,0.001317031099461019
5,256,86,0.0013507516123354435
6,256,86,0.0013439762406051159
7,250,87,0.038533248007297516
8,251,87,-0.0667855516076088
9,257,93,0.034348390996456146
10,257,93,0.003804675303399563
11,232,106,0.1123557910323143
12,252,107,-0.12088000029325485
13,244,137,0.20009304583072662
14,258,139,-0.09944726526737213
15,266,129,0.2218073010444641
16,277,129,0.01306939497590065
17,270,126,0.2329862415790558
18,284,126,0.010891630314290524
19,275,122,0.2209891974925995
20,283,122,0.016012705862522125
21,274,123,0.21670761704444885
22,280,123,0.019048484042286873
23,221,164,0.06837104260921478
24,237,165,-0.06837844848632812
25,219,205,0.11816894263029099
26,260,198,0.008104165084660053
27,208,249,0.17045553028583527
28,258,245,0.09060293436050415
29,205,258,0.17473778128623962
30,253,255,0.09934521466493607
31,212,254,0.15591482818126678
32,269,258,0.08213599026203156
0,259,89,0.06270474940538406
1,257,85,0.062214095145463943
2,256,85,0.06217513605952263
3,256,85,0.06212792173027992
4,257,85,0.038915183395147324
5,256,85,0.03889341279864311
6,256,85,0.038827329874038696
7,250,86,0.06403691321611404
8,251,87,-0.039990827441215515
9,257,93,0.06770052760839462
10,257,93,0.03752472624182701
11,232,107,0.12483687698841095
12,251,107,-0.11075066775083542
13,242,137,0.1991608738899231
14,257,139,-0.08908390998840332
15,261,137,0.21898430585861206
16,277,130,0.028275422751903534
17,265,137,0.22906902432441711
18,284,128,0.02999786287546158
19,269,134,0.2177821546792984
20,283,123,0.033759068697690964
21,267,135,0.2136199176311493
22,280,124,0.033881984651088715
23,221,164,0.06748408079147339
24,237,165,-0.06748072057962418
25,220,205,0.058832257986068726
26,260,199,-0.013804787769913673
27,208,248,0.06246161088347435
28,258,246,0.030296368524432182
29,200,258,0.061277225613594055
30,253,255,0.03438197448849678
31,210,257,0.03173159435391426
32,269,257,0.01063908077776432
0,258,89,0.09136984497308731
1,256,85,0.09160587936639786
2,256,85,0.09156627207994461
3,255,85,0.09151878207921982
4,257,86,0.06795533001422882
5,256,86,0.06794162094593048
6,256,86,0.06788410991430283
7,249,87,0.09043183922767639
8,251,87,-0.0157920029014349
9,256,93,0.09507675468921661
10,256,93,0.06412241607904434
11,230,107,0.1434798240661621
12,252,107,-0.0948532223701477
13,234,138,0.22681090235710144
14,256,139,-0.08708865195512772
15,251,142,0.27367308735847473
16,278,132,0.016685647889971733
17,255,142,0.2896169126033783
18,284,130,0.019148852676153183
19,258,140,0.27833548188209534
20,283,125,0.026571080088615417
21,257,140,0.26940634846687317
22,281,126,0.02295568957924843
23,220,165,0.06889909505844116
24,238,165,-0.06896299868822098
25,220,206,0.0718095675110817
26,261,199,-0.0265311561524868
27,208,248,0.03330055996775627
28,258,244,-0.029905196279287338
29,201,258,0.028263695538043976
30,253,253,-0.02930385246872902
31,211,257,-0.0024574236012995243
32,270,258,-0.05161169171333313
0,258,91,0.12167123705148697
1,256,87,0.12185186892747879
2,255,87,0.12181182205677032
3,254,87,0.12176759541034698
4,256,87,0.09884526580572128
5,256,87,0.09883810579776764
6,256,87,0.09877742826938629
7,249,88,0.11744161695241928
8,251,88,0.013731356710195541
9,256,94,0.12385999411344528
10,256,94,0.0935528352856636
11,228,107,0.16132445633411407
12,253,107,-0.0715959221124649
13,233,139,0.23641212284564972
14,256,139,-0.07148484140634537
15,252,143,0.27044859528541565
16,277,136,0.018010901287198067
17,256,144,0.28346121311187744
18,283,136,0.019695553928613663
19,260,142,0.2710248529911041
20,283,130,0.025734301656484604
21,259,142,0.2651393413543701
22,281,130,0.023844441398978233
23,219,165,0.06910424679517746
24,239,164,-0.06919349730014801
25,220,205,0.0677085891366005
26,263,196,-0.03729792311787605
27,208,247,0.006822093389928341
28,258,242,-0.07131433486938477
29,202,257,-0.0005346175748854876
30,253,250,-0.07342611253261566
31,211,257,-0.0322694405913353
32,270,258,-0.09568452835083008
0,258,91,0.12574875354766846
1,256,87,0.1258251667022705
2,255,87,0.12578637897968292
3,254,87,0.12574297189712524
4,256,88,0.1027645692229271
5,256,88,0.1027570441365242
6,256,88,0.10269651561975479
7,248,88,0.12102369219064713
8,251,89,0.01710479147732258
9,256,94,0.12782633304595947
10,256,95,0.09744870662689209
11,227,108,0.16463278234004974
12,253,107,-0.0682610496878624
13,233,139,0.24003128707408905
14,256,139,-0.06823091953992844
15,253,144,0.27407506108283997
16,277,137,0.019198071211576462
17,257,144,0.2872600555419922
18,283,137,0.020792804658412933
19,261,142,0.27482300996780396
20,283,131,0.026245158165693283
21,260,142,0.26876237988471985
22,281,131,0.024863669648766518
23,219,164,0.06920481473207474
24,239,164,-0.06930893659591675
25,220,205,0.06986727565526962
26,264,195,-0.03771360218524933
27,208,247,0.0055449241772294044
28,259,241,-0.07665650546550751
29,203,257,-0.002153482986614108
30,253,250,-0.07917921245098114
31,211,257,-0.033342909067869186
32,270,258,-0.10131201148033142
0,257,93,0.1394171118736267
1,255,89,0.1397959440946579
2,254,89,0.13975626230239868
3,253,89,0.13969820737838745
4,256,89,0.11790258437395096
5,256,89,0.11789702624082565
6,255,89,0.11782079935073853
7,248,90,0.13267789781093597
8,251,90,0.033817604184150696
9,255,96,0.1400132179260254
10,256,96,0.11107378453016281
11,226,108,0.16725581884384155
12,254,108,-0.05840500444173813
13,233,140,0.2303466647863388
14,256,139,-0.0640818402171135
15,251,147,0.24257561564445496
16,277,142,0.017818357795476913
17,255,149,0.24847851693630219
18,282,144,0.017787626013159752
19,259,147,0.23717837035655975
20,283,138,0.021239953115582466
21,258,146,0.2363060563802719
22,280,138,0.02241382747888565
23,219,164,0.06773563474416733
24,240,163,-0.06784673780202866
25,220,205,0.0474773570895195
26,264,195,-0.03260568901896477
27,209,247,-0.004410849884152412
28,260,238,-0.04769400879740715
29,205,257,-0.011100057512521744
30,255,247,-0.04807797446846962
31,211,257,-0.04669864475727081
32,270,254,-0.07137268036603928
0,255,102,0.18276149034500122
1,252,98,0.17727568745613098
2,251,98,0.177266925573349
3,250,98,0.17722177505493164
4,254,99,0.16127242147922516
5,254,99,0.16125687956809998
6,254,99,0.16119231283664703
7,245,99,0.14656516909599304
8,251,99,0.07429535686969757
9,253,105,0.1745084971189499
10,255,105,0.15333832800388336
11,225,115,0.1596546620130539
12,255,115,-0.018822841346263885
13,225,143,0.20382541418075562
14,259,146,-0.005889772903174162
15,241,154,0.2168569564819336
16,275,154,0.10013709217309952
17,245,157,0.22028397023677826
18,280,158,0.10429084300994873
19,247,156,0.2119569331407547
20,281,153,0.10758915543556213
21,247,155,0.21195925772190094
22,279,152,0.1051807776093483
23,220,168,0.055077631026506424
24,241,166,-0.055151693522930145
25,223,207,0.04169044271111488
26,266,199,-0.030164027586579323
27,210,247,0.0353255569934845
28,272,242,-0.02033512108027935
29,209,256,0.033497925847768784
30,269,250,-0.018488595262169838
31,211,257,0.0066047245636582375
32,276,255,-0.0390562005341053
0,253,106,0.18092051148414612
1,250,102,0.17248673737049103
2,249,102,0.17247839272022247
3,248,101,0.17243827879428864
4,252,102,0.15939393639564514
5,252,102,0.15938451886177063
6,253,102,0.15932081639766693
7,244,102,0.1310833841562271
8,250,103,0.07079996168613434
9,251,108,0.16870379447937012
10,253,108,0.15117691457271576
11,225,120,0.14128518104553223
12,256,119,-0.015513766556978226
13,225,147,0.1943601369857788
14,262,149,0.0014573551015928388
15,238,158,0.23255929350852966
16,275,158,0.10487750917673111
17,241,161,0.24078091979026794
18,281,162,0.11157110333442688
19,243,160,0.23903366923332214
20,280,156,0.11451554298400879
21,243,159,0.23239055275917053
22,278,156,0.10976734757423401
23,220,172,0.044490084052085876
24,242,170,-0.04463779553771019
25,225,210,0.041723355650901794
26,266,203,0.01383239682763815
27,210,247,0.00688693393021822
28,274,245,-0.012166857719421387
29,209,256,0.0028053035493940115
30,271,254,-0.015710752457380295
31,211,256,-0.019637679681181908
32,278,255,-0.018158217892050743
0,253,106,0.18052242696285248
1,250,102,0.17252549529075623
2,249,102,0.17252080142498016
3,248,102,0.17248475551605225
4,252,103,0.15853559970855713
5,252,103,0.1585206240415573
6,252,103,0.158458411693573
7,244,102,0.13163310289382935
8,250,103,0.06839742511510849
9,251,108,0.16870450973510742
10,253,109,0.15008290112018585
11,224,119,0.14003115892410278
12,256,120,-0.01871253177523613
13,223,147,0.19913379848003387
14,264,150,0.010772015899419785
15,236,156,0.2561461329460144
16,274,158,0.1363176852464676
17,238,159,0.26721814274787903
18,280,162,0.14631254971027374
19,241,157,0.26284411549568176
20,279,159,0.14881828427314758
21,240,156,0.25494539737701416
22,276,157,0.14175520837306976
23,221,173,0.04713955149054527
24,243,170,-0.0472613126039505
25,225,210,0.044499147683382034
26,267,204,0.005466516129672527
27,211,247,0.016269812360405922
28,274,247,-0.011141723021864891
29,210,256,0.013072558678686619
30,271,256,-0.012148580513894558
31,212,256,-0.0077355788089334965
32,279,255,-0.021170197054743767
0,252,107,0.17982161045074463
1,249,104,0.17176581919193268
2,248,103,0.1717570275068283
3,247,103,0.1717228889465332
4,250,104,0.1584230363368988
5,250,104,0.15841083228588104
6,251,104,0.15833680331707
7,242,105,0.13065104186534882
8,248,105,0.07043719291687012
9,250,110,0.1678549349308014
10,252,110,0.15017229318618774
11,224,123,0.1371484398841858
12,256,121,-0.015341953374445438
13,225,149,0.19327810406684875
14,266,150,0.011592365801334381
15,237,157,0.2514928877353668
16,274,159,0.12993961572647095
17,240,160,0.26265642046928406
18,279,162,0.14135302603244781
19,242,159,0.257559597492218
20,278,160,0.14435724914073944
21,241,158,0.24954165518283844
22,276,159,0.13556109368801117
23,222,175,0.04437357559800148
24,244,171,-0.04454793408513069
25,227,210,0.0472615547478199
26,267,204,0.006994824390858412
27,212,247,-0.016381381079554558
28,272,247,-0.04190145805478096
29,211,256,-0.023771759122610092
30,270,256,-0.04626387357711792
31,212,256,-0.04425402358174324
32,278,255,-0.05779805779457092
0,248,108,0.2164919227361679
1,245,105,0.21266965568065643
2,244,105,0.21267205476760864
3,243,105,0.21265943348407745
4,247,105,0.19605416059494019
5,247,105,0.19601739943027496
6,247,106,0.19594524800777435
7,239,107,0.18227729201316833
8,246,107,0.10783308744430542
9,247,112,0.2077823281288147
10,249,112,0.18593668937683105
11,223,126,0.18860046565532684
12,255,124,0.013072921894490719
13,226,153,0.25766417384147644
14,269,149,0.024196406826376915
15,240,158,0.3403530716896057
16,281,154,0.14088085293769836
17,243,157,0.3614344298839569
18,286,156,0.15277928113937378
19,246,157,0.3559560775756836
20,285,153,0.1601165235042572
21,245,157,0.3399045765399933
22,282,153,0.14843495190143585
23,224,178,0.04575381800532341
24,245,175,-0.04602755978703499
25,230,210,0.07762236893177032
26,268,206,-0.0053652324713766575
27,214,246,-0.07756329327821732
28,272,247,-0.15943209826946259
29,213,252,-0.0964558944106102
30,270,256,-0.17396549880504608
31,212,256,-0.12040403485298157
32,278,255,-0.19360746443271637
0,247,110,0.18426930904388428
1,244,106,0.20191439986228943
2,243,106,0.20187358558177948
3,242,106,0.20196501910686493
4,245,107,0.1639939695596695
5,246,107,0.16399894654750824
6,246,107,0.1639230102300644
7,238,108,0.12939120829105377
8,245,109,0.07865094393491745
9,245,113,0.2048395723104477
10,247,113,0.15428513288497925
11,223,127,0.14032289385795593
12,255,125,-0.013947341591119766
13,227,152,0.22979754209518433
14,270,149,-0.001379581750370562
15,241,156,0.30580848455429077
16,284,156,0.11063545197248459
17,244,157,0.32740676403045654
18,290,157,0.11966617405414581
19,247,155,0.32086440920829773
20,289,155,0.12659545242786407
21,246,155,0.3054521381855011
22,286,154,0.11740459501743317
23,225,179,0.04446757957339287
24,246,176,-0.04478441923856735
25,230,212,0.09176391363143921
26,268,206,-0.004903743974864483
27,215,246,-0.03555167466402054
28,272,247,-0.11953212320804596
29,214,253,-0.04886950924992561
30,270,255,-0.12910331785678864
31,212,255,-0.0691605657339096
32,277,256,-0.14339186251163483
0,246,110,0.18086954951286316
1,244,106,0.17714396119117737
2,243,106,0.17713117599487305
3,241,106,0.1771131157875061
4,245,106,0.15917010605335236
5,245,107,0.1591535210609436
6,246,107,0.15910187363624573
7,237,108,0.13408790528774261
8,244,108,0.07186584174633026
9,245,113,0.17543867230415344
10,247,113,0.15149903297424316
11,222,127,0.1454208940267563
12,255,126,-0.013719313777983189
13,227,151,0.23216962814331055
14,271,149,0.005449129734188318
15,242,155,0.3234776556491852
16,285,156,0.1176900640130043
17,245,156,0.3449277877807617
18,290,157,0.12661679089069366
19,247,154,0.3384695053100586
20,290,155,0.13412180542945862
21,247,154,0.32314014434814453
22,287,154,0.12459253519773483
23,225,178,0.04519867151975632
24,246,175,-0.045513052493333817
25,230,212,0.089243583381176
26,269,206,-0.004618003033101559
27,215,246,-0.047480300068855286
28,273,247,-0.12107902020215988
29,213,253,-0.0626550167798996
30,270,255,-0.13171987235546112
31,212,256,-0.08902439475059509
32,278,256,-0.15205322206020355
0,242,108,0.17377285659313202
1,239,104,0.16798028349876404
2,238,104,0.1679684817790985
3,237,104,0.16795992851257324
4,241,105,0.1511061191558838
5,242,105,0.15109162032604218
6,242,105,0.1510530710220337
7,234,107,0.13614912331104279
8,242,107,0.06544733047485352
9,241,111,0.1681920439004898
10,244,111,0.14613093435764313
11,222,127,0.1525237262248993
12,254,125,-0.005420541390776634
13,228,151,0.2511468231678009
14,279,139,0.030655832961201668
15,241,150,0.35982537269592285
16,274,119,0.16121917963027954
17,242,148,0.39011502265930176
18,272,113,0.17485663294792175
19,244,147,0.38746222853660583
20,268,113,0.17942805588245392
21,244,147,0.3624246418476105
22,268,115,0.16764242947101593
23,226,179,0.0422617569565773
24,247,177,-0.04259401559829712
25,232,212,0.10859811305999756
26,268,208,0.014063619077205658
27,215,246,-0.04218973219394684
28,273,247,-0.12761928141117096
29,213,252,-0.0582515224814415
30,270,255,-0.1420280933380127
31,212,256,-0.07445522397756577
32,278,256,-0.16177694499492645
0,241,100,0.11522878706455231
1,237,98,0.10736151039600372
2,236,98,0.10736018419265747
3,235,98,0.10735297203063965
4,240,97,0.08984843641519547
5,241,97,0.08983436971902847
6,241,97,0.08980856835842133
7,232,101,0.08114568889141083
8,241,100,0.003335073357447982
9,239,104,0.11109369248151779
10,242,103,0.08820468187332153
11,222,124,0.11597700417041779
12,253,118,-0.05449935421347618
13,234,142,0.24509644508361816
14,280,121,0.02634820155799389
15,245,134,0.33909130096435547
16,268,99,0.14361658692359924
17,246,131,0.36812886595726013
18,266,92,0.159134179353714
19,245,129,0.3663751780986786
20,264,92,0.16110387444496155
21,246,130,0.3416294455528259
22,264,95,0.14961624145507812
23,228,178,0.04084133729338646
24,248,176,-0.04116843640804291
25,232,212,0.09890012443065643
26,268,207,0.018734898418188095
27,215,247,-0.026390554383397102
28,272,247,-0.09853001683950424
29,213,252,-0.03768916800618172
30,270,255,-0.1183035597205162
31,211,258,-0.05826626718044281
32,278,256,-0.1473282277584076
0,240,93,0.10149157047271729
1,236,91,0.0916597843170166
2,235,91,0.0916706770658493
3,234,91,0.09166761487722397
4,239,90,0.07657427340745926
5,240,90,0.07657444477081299
6,241,90,0.07654943317174911
7,230,95,0.06345980614423752
8,241,92,-0.00439192820340395
9,238,97,0.09690967947244644
10,242,97,0.07703472673892975
11,220,117,0.09730563312768936
12,252,111,-0.05964493378996849
13,233,133,0.2113419771194458
14,278,110,0.015779918059706688
15,242,120,0.3205374777317047
16,265,91,0.13998274505138397
17,243,117,0.3464670181274414
18,263,84,0.15631000697612762
19,243,115,0.34670040011405945
20,261,86,0.1560300886631012
21,244,117,0.32338932156562805
22,261,89,0.14524072408676147
23,228,172,0.04124248027801514
24,248,171,-0.04155785217881203
25,231,211,0.09289515018463135
26,264,207,0.012188443914055824
27,215,247,0.0031104020308703184
28,272,247,-0.08704466372728348
29,213,252,-0.002795327454805374
30,271,255,-0.09763448685407639
31,212,258,-0.018439190462231636
32,277,256,-0.11923982203006744
0,240,87,0.16331961750984192
1,237,84,0.15326553583145142
2,235,84,0.15329894423484802
3,234,84,0.15328018367290497
4,239,83,0.13978338241577148
5,239,83,0.1398065835237503
6,240,83,0.1398237645626068
7,231,87,0.12176744639873505
8,239,85,0.06016711890697479
9,239,90,0.1576719731092453
10,241,90,0.13937543332576752
11,220,107,0.14293847978115082
12,252,104,4.2536652472335845e-05
13,231,109,0.2772635221481323
14,277,103,0.06382407993078232
15,238,91,0.4153064489364624
16,261,82,0.21948109567165375
17,238,86,0.44152870774269104
18,258,75,0.23535777628421783
19,238,85,0.4426652193069458
20,256,76,0.23167471587657928
21,239,88,0.41914233565330505
22,256,79,0.22369180619716644
23,228,164,0.04090502858161926
24,249,163,-0.041229985654354095
25,230,206,0.038624417036771774
26,262,203,-0.015499063767492771
27,215,247,-0.019600391387939453
28,272,246,-0.0854293629527092
29,214,254,-0.022983094677329063
30,270,253,-0.09239912033081055
31,212,257,-0.04624302685260773
32,276,256,-0.11851648986339569
0,240,84,0.1527717262506485
1,237,82,0.14289537072181702
2,236,82,0.14295841753482819
3,235,83,0.14296960830688477
4,239,82,0.12978440523147583
5,239,82,0.12982569634914398
6,240,82,0.1298893243074417
7,231,86,0.12162657827138901
8,239,84,0.05242469161748886
9,239,88,0.15342991054058075
10,241,88,0.13835711777210236
11,219,106,0.14168819785118103
12,251,103,-0.01147465594112873
13,229,104,0.2736033499240875
14,277,102,0.049498360604047775
15,235,85,0.41383787989616394
16,260,81,0.21745732426643372
17,235,79,0.440117210149765
18,258,74,0.23448128998279572
19,235,80,0.4405592978000641
20,254,75,0.23168599605560303
21,236,82,0.41748887300491333
22,254,78,0.22255653142929077
23,228,163,0.041821785271167755
24,249,162,-0.04211333766579628
25,230,205,0.02349688671529293
26,262,202,-0.008374610915780067
27,215,247,-0.03192327544093132
28,272,245,-0.037276774644851685
29,214,254,-0.03554539754986763
30,270,252,-0.03938823565840721
31,211,257,-0.06141366437077522
32,276,256,-0.06478812545537949
0,240,72,0.13942237198352814
1,237,69,0.1324804723262787
2,236,69,0.13251282274723053
3,235,69,0.13248862326145172
4,239,69,0.1160128116607666
5,239,69,0.11606612056493759
6,239,69,0.11610817909240723
7,231,72,0.12014225870370865
8,239,71,0.040326058864593506
9,239,75,0.14100126922130585
10,241,75,0.11945469677448273
11,217,91,0.14292871952056885
12,250,90,-0.013141275383532047
13,229,93,0.2767481207847595
14,276,85,0.02258533611893654
15,237,71,0.3922284245491028
16,262,59,0.13452927768230438
17,238,66,0.41307923197746277
18,261,54,0.13738130033016205
19,239,65,0.4099697470664978
20,257,54,0.13153211772441864
21,239,68,0.393495112657547
22,257,56,0.13604246079921722
23,228,152,0.04506135359406471
24,249,151,-0.04532059654593468
25,228,197,0.04427136480808258
26,262,193,-0.03275011107325554
27,215,241,0.04034077748656273
28,271,239,-0.050874900072813034
29,214,246,0.040598515421152115
30,269,246,-0.053376998752355576
31,214,257,0.012664311565458775
32,276,252,-0.07462215423583984
0,240,66,0.14156582951545715
1,237,63,0.13337019085884094
2,236,64,0.13339436054229736
3,235,64,0.1333691030740738
4,239,63,0.11792250722646713
5,239,63,0.11800509691238403
6,240,63,0.11805620789527893
7,231,66,0.10668884962797165
8,239,65,0.04371905326843262
9,239,69,0.14092792570590973
10,241,69,0.12149574607610703
11,217,87,0.13505688309669495
12,251,83,-0.015068195760250092
13,230,87,0.2603919208049774
14,277,78,0.025577109307050705
15,237,64,0.36599698662757874
16,264,52,0.13642850518226624
17,238,58,0.38885051012039185
18,263,44,0.14052990078926086
19,240,57,0.3863092064857483
20,260,45,0.1362856775522232
21,240,60,0.3671637177467346
22,260,48,0.13874690234661102
23,228,146,0.04417326673865318
24,249,144,-0.04441646486520767
25,228,191,0.02514001727104187
26,261,187,-0.03586885333061218
27,218,237,0.01857435517013073
28,270,233,-0.05128699913620949
29,214,243,0.01721339300274849
30,267,239,-0.052231013774871826
31,218,257,-0.012151570990681648
32,275,248,-0.08157512545585632
0,241,64,0.11161166429519653
1,237,62,0.10413849353790283
2,236,63,0.10416034609079361
3,235,63,0.10414259135723114
4,239,62,0.08803154528141022
5,240,62,0.08808016777038574
6,240,62,0.08808863162994385
7,232,66,0.08517894148826599
8,239,64,0.012469634413719177
9,240,68,0.11063501983880997
10,242,67,0.08916231989860535
11,217,87,0.1254911869764328
12,251,83,-0.04603634774684906
13,232,81,0.24225862324237823
14,278,78,-0.011782673187553883
15,239,59,0.32443639636039734
16,264,52,0.0903368815779686
17,239,51,0.3417813777923584
18,265,43,0.08985694497823715
19,240,51,0.3348526656627655
20,262,43,0.08931419998407364
21,240,54,0.32362836599349976
22,261,47,0.09356334060430527
23,228,146,0.04935285449028015
24,249,144,-0.049573808908462524
25,227,191,0.03504043072462082
26,261,188,-0.03631380945444107
27,218,237,0.029290150851011276
28,270,233,-0.04529378190636635
29,214,243,0.028771979734301567
30,266,239,-0.04484424367547035
31,219,257,-0.0022139500360935926
32,275,250,-0.07426369190216064
0,241,62,0.07470529526472092
1,237,59,0.06713049113750458
2,236,60,0.06711553782224655
3,235,60,0.06710384041070938
4,239,59,0.0504414401948452
5,240,60,0.050485141575336456
6,240,60,0.05047392472624779
7,232,63,0.052782971411943436
8,239,62,-0.024320540949702263
9,240,65,0.07559486478567123
10,242,65,0.053018148988485336
11,218,81,0.09082932025194168
12,250,80,-0.07547637075185776
13,236,60,0.14544792473316193
14,278,68,-0.0758475661277771
15,245,39,0.13644151389598846
16,270,41,-0.026939868927001953
17,244,32,0.13394980132579803
18,270,33,-0.04308389872312546
19,248,32,0.11991819739341736
20,265,32,-0.04013738036155701
21,249,34,0.1295677274465561
22,264,36,-0.024916168302297592
23,228,142,0.05131515488028526
24,249,140,-0.0515502505004406
25,227,187,0.04081462696194649
26,260,183,-0.03779851645231247
27,220,232,0.057191625237464905
28,269,228,-0.023779166862368584
29,216,239,0.058174192905426025
30,265,235,-0.022027038037776947
31,222,252,0.020351875573396683
32,273,245,-0.06242527440190315
0,241,60,0.05120512843132019
1,238,57,0.04706228896975517
2,237,57,0.04704604297876358
3,236,57,0.04705047234892845
4,240,58,0.028125235810875893
5,240,58,0.028164424002170563
6,240,58,0.028165506199002266
7,232,61,0.044663526117801666
8,239,61,-0.04249558597803116
9,240,63,0.056502725929021835
10,242,63,0.030867507681250572
11,218,79,0.08631366491317749
12,250,77,-0.09286891669034958
13,238,56,0.14665977656841278
14,273,62,-0.10534128546714783
15,247,36,0.1326213926076889
16,277,36,-0.05529129505157471
17,246,29,0.1330258995294571
18,279,29,-0.07025766372680664
19,249,30,0.11741044372320175
20,274,29,-0.0651525929570198
21,250,31,0.12521184980869293
22,271,31,-0.051910970360040665
23,228,139,0.0533922016620636
24,248,138,-0.05372409150004387
25,227,182,0.05288327857851982
26,260,178,-0.032912593334913254
27,221,229,0.042761608958244324
28,269,222,-0.0338946208357811
29,219,235,0.0404551662504673
30,265,227,-0.03389853611588478
31,225,248,0.002581649925559759
32,271,239,-0.0708448737859726
0,242,56,0.04684562236070633
1,239,53,0.04223548248410225
2,238,54,0.04222177714109421
3,237,54,0.04222940653562546
4,241,54,0.022419169545173645
5,241,54,0.022458162158727646
6,241,55,0.022463606670498848
7,233,57,0.036364611238241196
8,239,58,-0.054961372166872025
9,240,59,0.050644632428884506
10,242,60,0.023802418261766434
11,218,76,0.07934775948524475
12,250,75,-0.10938441753387451
13,239,51,0.15602365136146545
14,268,57,-0.1286250352859497
15,247,32,0.160768523812294
16,279,34,-0.09017018228769302
17,247,27,0.1651429682970047
18,283,31,-0.10755680501461029
19,249,28,0.14727923274040222
20,280,31,-0.10160762816667557
21,250,29,0.15335819125175476
22,278,32,-0.08647001534700394
23,228,138,0.05665987357497215
24,248,137,-0.05702804774045944
25,227,179,0.061010319739580154
26,259,176,-0.04021178558468819
27,224,227,0.04497858136892319
28,268,222,-0.051805946975946426
29,223,234,0.042412154376506805
30,265,228,-0.05182259902358055
31,223,239,0.00488010048866272
32,270,237,-0.09595463424921036
0,242,56,0.05391678586602211
1,239,54,0.049600064754486084
2,238,54,0.04959072545170784
3,237,54,0.04960115626454353
4,241,54,0.029968278482556343
5,241,54,0.0300020519644022
6,242,55,0.030008850619196892
7,233,57,0.04334167391061783
8,239,58,-0.046850018203258514
9,240,59,0.057505398988723755
10,242,60,0.030961044132709503
11,218,75,0.0863986387848854
12,250,75,-0.10412586480379105
13,239,52,0.1675039529800415
14,266,57,-0.11649021506309509
15,247,31,0.1785745471715927
16,279,34,-0.06614174693822861
17,247,26,0.18404173851013184
18,283,31,-0.08147518336772919
19,249,26,0.1670610010623932
20,280,31,-0.07582974433898926
21,250,28,0.17166227102279663
22,277,32,-0.06220373138785362
23,228,138,0.060521505773067474
24,248,136,-0.06093030050396919
25,227,179,0.06653718650341034
26,259,176,-0.04964710772037506
27,224,227,0.04512521252036095
28,268,222,-0.06863023340702057
29,223,234,0.042206645011901855
30,264,228,-0.06945955008268356
31,223,240,0.004406464286148548
32,269,239,-0.11170143634080887
0,242,55,0.038265544921159744
1,239,53,0.03484718129038811
2,238,53,0.03484441339969635
3,238,53,0.03486021235585213
4,241,54,0.014719881117343903
5,242,54,0.014754419215023518
6,242,54,0.014768758788704872
7,233,57,0.03446080535650253
8,239,58,-0.05818438157439232
9,240,59,0.0440596304833889
10,243,60,0.016743166372179985
11,218,75,0.08352838456630707
12,250,74,-0.1135067343711853
13,238,53,0.1754218190908432
14,266,57,-0.12573380768299103
15,247,32,0.19249121844768524
16,278,32,-0.06956417113542557
17,246,26,0.199308842420578
18,280,30,-0.08373627811670303
19,248,27,0.18123896420001984
20,277,29,-0.07898185402154922
21,249,29,0.18529967963695526
22,275,30,-0.06556994467973709
23,228,138,0.06262020766735077
24,248,136,-0.06304118782281876
25,228,180,0.0620744563639164
26,259,175,-0.047272562980651855
27,227,227,0.04267537221312523
28,267,221,-0.054647646844387054
29,227,235,0.040430713444948196
30,264,228,-0.053316619247198105
31,228,239,0.005895535461604595
32,268,236,-0.09084830433130264
0,242,56,0.030459541827440262
1,239,54,0.02762877196073532
2,239,54,0.027619201689958572
3,238,54,0.02762860804796219
4,241,54,0.007292953319847584
5,242,55,0.007332717999815941
6,242,55,0.007342264521867037
7,233,58,0.030613219365477562
8,239,59,-0.06336810439825058
9,241,59,0.03732454776763916
10,243,60,0.009572003036737442
11,218,76,0.07643594592809677
12,250,75,-0.1142805963754654
13,237,55,0.17647771537303925
14,267,59,-0.13113266229629517
15,246,33,0.20151999592781067
16,274,35,-0.09035936743021011
17,244,27,0.20799747109413147
18,279,31,-0.1063380166888237
19,247,27,0.19023734331130981
20,273,30,-0.10545627027750015
21,249,29,0.19458399713039398
22,270,31,-0.08812188357114792
23,228,138,0.06071276590228081
24,248,136,-0.06109943985939026
25,229,181,0.04891538992524147
26,259,177,-0.04316365718841553
27,230,229,0.0553273931145668
28,266,223,-0.021137727424502373
29,231,237,0.05554265156388283
30,262,229,-0.017877383157610893
31,231,240,0.025119680911302567
32,268,236,-0.050529491156339645
0,243,57,0.02453315630555153
1,240,56,0.018881119787693024
2,239,56,0.018866395577788353
3,238,56,0.018873145803809166
4,242,56,-0.0004858019237872213
5,242,56,-0.0004406668886076659
6,243,57,-0.0004452660505194217
7,234,59,0.012334005907177925
8,240,61,-0.0775347426533699
9,241,61,0.028094636276364326
10,243,62,0.0016284622251987457
11,219,77,0.0546625591814518
12,250,77,-0.12926436960697174
13,238,55,0.13851362466812134
14,266,60,-0.15698251128196716
15,246,32,0.14086003601551056
16,274,38,-0.14237070083618164
17,244,26,0.14198845624923706
18,279,35,-0.16378377377986908
19,247,27,0.12301186472177505
20,275,34,-0.16238409280776978
21,249,29,0.13277265429496765
22,272,35,-0.14101362228393555
23,228,140,0.05983370542526245
24,248,139,-0.06019975617527962
25,229,183,0.05793752893805504
26,259,179,-0.03669338300824165
27,231,230,0.09052120894193649
28,266,224,0.0031064182985574007
29,232,237,0.09243091940879822
30,262,231,0.0068274023942649364
31,233,239,0.06396909058094025
32,268,238,-0.028001954779028893
0,242,59,0.028210310265421867
1,239,58,0.02207876741886139
2,238,58,0.02206812985241413
3,237,58,0.022075824439525604
4,242,58,0.0024102891329675913
5,242,58,0.0024414940271526575
6,243,59,0.0024283675011247396
7,233,61,0.01199052669107914
8,240,62,-0.07907547056674957
9,240,63,0.03037823922932148
10,243,63,0.0036420468240976334
11,219,79,0.054951105266809464
12,251,79,-0.13592566549777985
13,238,56,0.12918902933597565
14,268,62,-0.16026945412158966
15,246,35,0.12256672233343124
16,276,39,-0.13841158151626587
17,243,29,0.12256468087434769
18,281,37,-0.15987011790275574
19,246,29,0.10471141338348389
20,277,36,-0.15715523064136505
21,248,31,0.1144879013299942
22,275,37,-0.1365179419517517
23,229,141,0.06221725046634674
24,248,139,-0.06257939338684082
25,231,184,0.07491044700145721
26,259,181,-0.03447243943810463
27,232,230,0.09524764120578766
28,266,226,-0.007418517023324966
29,231,238,0.09573041647672653
30,262,233,-0.0052808430045843124
31,233,241,0.06234760209918022
32,268,238,-0.04501001536846161
0,242,65,0.04298272356390953
1,239,63,0.03726569190621376
2,238,62,0.037258077412843704
3,237,62,0.037263259291648865
4,242,63,0.018410440534353256
5,242,63,0.01844150945544243
6,243,64,0.018433649092912674
7,234,65,0.020496953278779984
8,241,66,-0.06332796812057495
9,240,68,0.04497106000781059
10,243,69,0.019441382959485054
11,219,83,0.060131799429655075
12,251,83,-0.11985593289136887
13,239,60,0.1284993290901184
14,268,63,-0.13320139050483704
15,248,40,0.11156505346298218
16,277,43,-0.0932147428393364
17,246,34,0.11200878769159317
18,282,39,-0.11032050102949142
19,248,33,0.0940571278333664
20,278,39,-0.10579337924718857
21,250,35,0.10356594622135162
22,276,40,-0.09015104174613953
23,229,149,0.061315275728702545
24,249,147,-0.06166979670524597
25,234,188,0.09625817090272903
26,259,187,-0.018778009340167046
27,233,234,0.1025005504488945
28,266,230,-0.006543951574712992
29,233,241,0.10214712470769882
30,264,237,-0.005418009124696255
31,235,243,0.07138112187385559
32,269,243,-0.04201705753803253
0,242,66,0.048678282648324966
1,239,63,0.041784562170505524
2,238,63,0.0417756550014019
3,237,63,0.04177713021636009
4,242,64,0.02398070879280567
5,242,64,0.02401110529899597
6,243,65,0.024000655859708786
7,234,66,0.018929259851574898
8,241,68,-0.058212410658597946
9,241,69,0.04930245131254196
10,243,70,0.02503892034292221
11,220,84,0.05164188891649246
12,251,85,-0.11264157295227051
13,239,61,0.11362846940755844
14,268,65,-0.12306417524814606
15,248,38,0.09454815089702606
16,277,44,-0.08893562108278275
17,247,33,0.09271661192178726
18,281,40,-0.1071440726518631
19,249,32,0.07431135326623917
20,278,40,-0.10292984545230865
21,251,35,0.08629243075847626
22,276,41,-0.08626186847686768
23,229,150,0.05354011058807373
24,249,148,-0.05388418957591057
25,234,190,0.07622989267110825
26,259,189,-0.017548207193613052
27,234,235,0.09546776115894318
28,266,231,0.01788158528506756
29,233,241,0.09754900634288788
30,264,237,0.021595511585474014
31,234,244,0.0665087178349495
32,268,243,-0.015465904958546162
0,244,77,0.033127471804618835
1,242,74,0.029721127822995186
2,241,74,0.02973008342087269
3,240,74,0.029740286991000175
4,243,75,0.007704860530793667
5,244,75,0.007722530979663134
6,244,75,0.00768426014110446
7,236,77,0.025027817115187645
8,242,77,-0.06727142632007599
9,243,80,0.04141770675778389
10,245,80,0.011825291439890862
11,220,95,0.08085241168737411
12,251,96,-0.12068222463130951
13,243,75,0.20882509648799896
14,270,83,-0.12695114314556122
15,250,53,0.24901247024536133
16,278,59,-0.08477631211280823
17,248,47,0.2626568078994751
18,283,55,-0.10377523303031921
19,250,47,0.24119015038013458
20,280,53,-0.0987173318862915
21,252,50,0.24183300137519836
22,277,54,-0.08409712463617325
23,229,160,0.05851438641548157
24,250,157,-0.05891717970371246
25,235,197,0.09804580360651016
26,259,197,-0.013602601364254951
27,233,240,0.15563488006591797
28,266,239,0.04466715455055237
29,233,248,0.16182397305965424
30,264,247,0.05157099664211273
31,233,248,0.14676469564437866
32,268,248,0.0227346234023571
0,245,82,0.03587420657277107
1,242,79,0.029689211398363113
2,241,79,0.029683975502848625
3,240,79,0.029686758294701576
4,244,79,0.01218342874199152
5,244,80,0.012203062884509563
6,244,80,0.012187755666673183
7,237,82,0.021263394504785538
8,243,82,-0.06380385905504227
9,244,85,0.040286093950271606
10,245,86,0.016361825168132782
11,221,104,0.07726064324378967
12,253,102,-0.10451363027095795
13,244,87,0.2054174840450287
14,277,91,-0.08081084489822388
15,249,65,0.2789776623249054
16,278,65,-0.0011101635172963142
17,248,58,0.29494819045066833
18,282,60,-0.009875888004899025
19,250,58,0.2773743271827698
20,279,59,-0.013359729200601578
21,252,61,0.27447807788848877
22,277,61,0.0002557713887654245
23,230,164,0.05468600615859032
24,250,161,-0.0550961010158062
25,236,202,0.08777974545955658
26,260,200,-0.003984897863119841
27,233,242,0.1258598268032074
28,267,244,0.04150358960032463
29,233,250,0.13081473112106323
30,266,251,0.04705808684229851
31,233,251,0.11740205436944962
32,268,251,0.02266034111380577
0,245,85,0.016571147367358208
1,242,83,0.006579014007002115
2,241,83,0.006570924539119005
3,240,83,0.006552664563059807
4,244,82,-0.006851078476756811
5,244,83,-0.006836816668510437
6,244,83,-0.006841504015028477
7,236,86,-0.010648783296346664
8,243,86,-0.07146754115819931
9,244,89,0.017764151096343994
10,245,89,-0.0002734522568061948
11,221,109,0.046847615391016006
12,253,106,-0.10845836997032166
13,240,99,0.19826355576515198
14,280,102,-0.06996525824069977
15,247,81,0.30927616357803345
16,277,77,0.027601778507232666
17,245,76,0.3297984004020691
18,280,70,0.021756792441010475
19,246,75,0.3141775131225586
20,276,70,0.016941089183092117
21,249,77,0.3068870007991791
22,275,72,0.029076412320137024
23,231,168,0.04971886798739433
24,250,165,-0.05015701428055763
25,238,205,0.11326910555362701
26,263,203,0.04316228628158569
27,233,243,0.18787357211112976
28,267,246,0.1192002072930336
29,233,250,0.19726669788360596
30,267,253,0.12900269031524658
31,234,251,0.19278812408447266
32,269,252,0.11278203129768372
0,246,86,0.021843362599611282
1,243,84,0.015140226110816002
2,242,84,0.015138093382120132
3,241,84,0.015117163769900799
4,244,84,-0.0008216135902330279
5,244,84,-0.0008112000650726259
6,245,84,-0.0008223969489336014
7,237,87,0.0051379152573645115
8,243,87,-0.06635405868291855
9,244,90,0.025046169757843018
10,246,91,0.003804016625508666
11,221,109,0.052379392087459564
12,253,109,-0.10810988396406174
13,241,101,0.20799203217029572
14,280,111,-0.06819535791873932
15,246,75,0.3153131306171417
16,278,84,0.04342670366168022
17,245,70,0.3369295597076416
18,279,77,0.041928697377443314
19,246,70,0.3270624279975891
20,275,76,0.040776848793029785
21,249,73,0.31459879875183105
22,274,79,0.046942953020334244
23,231,168,0.05004062131047249
24,250,165,-0.05052301660180092
25,239,205,0.10669094324111938
26,263,202,0.015904609113931656
27,234,242,0.17007985711097717
28,268,245,0.06486878544092178
29,234,249,0.17746174335479736
30,267,253,0.07114439457654953
31,234,251,0.16702526807785034
32,271,252,0.04701995477080345
